 , ,Total Pressure:, Pressure 1:, Pressure 2:, Pressure 3:, Pressure 4:, Horizontal:
20230207104909015,2023-02-07 10:49:09,13.09,1.45,0.00,11.64,0.00,-0.02
20230207104909215,2023-02-07 10:49:09,16.00,4.36,0.00,14.55,-2.91,0.01
20230207104909401,2023-02-07 10:49:09,10.18,-7.27,2.91,17.46,-2.91,0.01
20230207104909750,2023-02-07 10:49:09,-8.73,-10.18,2.91,1.45,-2.91,0.01
20230207104909967,2023-02-07 10:49:09,21.82,4.36,2.91,17.46,-2.91,-0.01
20230207104910181,2023-02-07 10:49:10,13.09,0.00,1.45,16.00,-4.36,0.01
20230207104910396,2023-02-07 10:49:10,26.19,2.91,8.73,17.46,-2.91,-0.04
20230207104910607,2023-02-07 10:49:10,20.37,0.00,2.91,17.46,0.00,-0.03
20230207104910792,2023-02-07 10:49:10,-11.64,-10.18,-4.36,7.27,-4.36,0.00
20230207104910980,2023-02-07 10:49:10,2.91,-10.18,1.45,14.55,-2.91,-0.03
20230207104911165,2023-02-07 10:49:11,18.91,-2.91,5.82,17.46,-1.45,-0.04
20230207104911351,2023-02-07 10:49:11,-7.27,4.36,-2.91,-4.36,-4.36,0.02
20230207104911536,2023-02-07 10:49:11,16.00,1.45,-2.91,16.00,1.45,-0.01
20230207104911741,2023-02-07 10:49:11,-17.46,-7.27,-4.36,-2.91,-2.91,-0.02
20230207104911956,2023-02-07 10:49:11,7.27,-7.27,-4.36,16.00,2.91,0.02
20230207104912169,2023-02-07 10:49:12,10.18,1.45,0.00,11.64,-2.91,0.02
20230207104912384,2023-02-07 10:49:12,11.64,-2.91,5.82,8.73,0.00,-0.02
20230207104912598,2023-02-07 10:49:12,-24.73,-13.09,0.00,-5.82,-5.82,0.00
20230207104912788,2023-02-07 10:49:12,-18.91,-10.18,-4.36,-2.91,-1.45,0.02
20230207104912975,2023-02-07 10:49:12,-11.64,0.00,-4.36,-4.36,-2.91,0.03
20230207104913160,2023-02-07 10:49:13,-5.82,-10.18,1.45,4.36,-1.45,-0.02
20230207104913346,2023-02-07 10:49:13,-1.45,-8.73,4.36,5.82,-2.91,-0.01
20230207104913531,2023-02-07 10:49:13,1.45,0.00,1.45,-2.91,2.91,0.03
20230207104913728,2023-02-07 10:49:13,-11.64,-5.82,4.36,-4.36,-5.82,0.00
20230207104913946,2023-02-07 10:49:13,2.91,-13.09,5.82,14.55,-4.36,-0.02
20230207104914162,2023-02-07 10:49:14,18.91,2.91,8.73,8.73,-1.45,0.02
20230207104914378,2023-02-07 10:49:14,7.27,-2.91,2.91,5.82,1.45,0.02
20230207104914724,2023-02-07 10:49:14,1.45,-1.45,5.82,-1.45,-1.45,-0.01
20230207104914912,2023-02-07 10:49:14,11.64,1.45,0.00,11.64,-1.45,-0.02
20230207104915100,2023-02-07 10:49:15,13.09,2.91,1.45,11.64,-2.91,0.01
20230207104915286,2023-02-07 10:49:15,10.18,-8.73,7.27,16.00,-4.36,0.01
20230207104915472,2023-02-07 10:49:15,17.46,1.45,1.45,11.64,2.91,0.01
20230207104915660,2023-02-07 10:49:15,-1.45,-8.73,2.91,11.64,-7.27,0.03
20230207104915870,2023-02-07 10:49:15,-4.36,0.00,-2.91,-1.45,0.00,-0.02
20230207104916086,2023-02-07 10:49:16,5.82,1.45,5.82,2.91,-4.36,0.04
20230207104916299,2023-02-07 10:49:16,-5.82,-5.82,4.36,-7.27,2.91,0.03
20230207104916513,2023-02-07 10:49:16,-16.00,-10.18,4.36,-5.82,-4.36,-0.01
20230207104916787,2023-02-07 10:49:16,2.91,-7.27,8.73,4.36,-2.91,-0.03
20230207104917061,2023-02-07 10:49:17,-2.91,-5.82,4.36,-2.91,1.45,-0.01
20230207104917330,2023-02-07 10:49:17,13.09,2.91,4.36,8.73,-2.91,0.00
20230207104917604,2023-02-07 10:49:17,13.09,-2.91,7.27,10.18,-1.45,0.00
20230207104917889,2023-02-07 10:49:17,4.36,-11.64,8.73,7.27,0.00,0.00
20230207104918221,2023-02-07 10:49:18,-16.00,-8.73,2.91,-5.82,-4.36,0.01
20230207104918532,2023-02-07 10:49:18,-8.73,-1.45,-4.36,-2.91,0.00,-0.01
20230207104918833,2023-02-07 10:49:18,-4.36,0.00,5.82,-8.73,-1.45,0.00
20230207104919101,2023-02-07 10:49:19,0.00,-10.18,5.82,7.27,-2.91,-0.03
20230207104919365,2023-02-07 10:49:19,2.91,-13.09,5.82,14.55,-4.36,0.01
20230207104919750,2023-02-07 10:49:19,-11.64,-13.09,4.36,-5.82,2.91,-0.01
20230207104919976,2023-02-07 10:49:19,14.55,4.36,-2.91,13.09,0.00,0.02
20230207104920190,2023-02-07 10:49:20,7.27,5.82,8.73,-7.27,0.00,0.00
20230207104926053,2023-02-07 10:49:26,94.57,30.55,59.65,1.45,2.91,0.01
20230207104926238,2023-02-07 10:49:26,183.31,45.10,87.29,42.19,8.73,0.01
20230207104926423,2023-02-07 10:49:26,242.96,53.83,123.66,48.01,17.46,-0.01
20230207104926610,2023-02-07 10:49:26,320.07,75.65,139.67,74.20,30.55,0.01
20230207104926795,2023-02-07 10:49:26,350.62,80.02,155.67,78.56,36.37,-0.01
20230207104926977,2023-02-07 10:49:26,363.72,75.65,167.31,84.38,36.37,0.01
20230207104927136,2023-02-07 10:49:27,456.83,96.02,206.59,107.66,46.56,0.03
20230207104927297,2023-02-07 10:49:27,515.02,114.93,244.42,97.48,58.19,0.06
20230207104927456,2023-02-07 10:49:27,576.13,132.39,248.78,132.39,62.56,0.00
20230207104927615,2023-02-07 10:49:27,586.31,146.94,254.60,113.48,71.29,0.00
20230207104927775,2023-02-07 10:49:27,645.96,161.49,279.33,141.12,64.01,-0.01
20230207104927934,2023-02-07 10:49:27,686.70,174.58,289.52,148.40,74.20,0.01
20230207104928110,2023-02-07 10:49:28,696.88,176.04,301.16,146.94,72.74,0.01
20230207104928295,2023-02-07 10:49:28,686.70,167.31,290.97,154.22,74.20,0.02
20230207104928479,2023-02-07 10:49:28,682.33,167.31,293.88,145.49,75.65,-0.01
20230207104928664,2023-02-07 10:49:28,181.86,49.47,71.29,46.56,14.55,0.00
20230207104928852,2023-02-07 10:49:28,5.82,7.27,20.37,-21.82,0.00,-0.03
20230207104929058,2023-02-07 10:49:29,13.09,10.18,5.82,-10.18,7.27,-0.03
20230207104929245,2023-02-07 10:49:29,5.82,10.18,7.27,-16.00,4.36,0.05
20230207104929432,2023-02-07 10:49:29,16.00,8.73,11.64,-8.73,4.36,-0.03
20230207104929622,2023-02-07 10:49:29,26.19,13.09,27.64,-16.00,1.45,-0.03
20230207104929814,2023-02-07 10:49:29,116.39,24.73,69.83,8.73,13.09,-0.01
20230207104929974,2023-02-07 10:49:29,279.33,61.10,130.94,61.10,26.19,0.03
20230207104930211,2023-02-07 10:49:30,414.64,104.75,187.68,78.56,43.65,-0.03
20230207104930484,2023-02-07 10:49:30,541.21,133.85,248.78,94.57,64.01,-0.04
20230207104930751,2023-02-07 10:49:30,714.34,165.85,314.25,148.40,85.84,-0.03
20230207104931016,2023-02-07 10:49:30,848.19,206.59,350.62,192.04,98.93,-0.02
20230207104931264,2023-02-07 10:49:31,868.55,212.41,350.62,206.59,98.93,0.06
20230207104931492,2023-02-07 10:49:31,810.36,196.41,347.71,171.67,94.57,0.01
20230207104931723,2023-02-07 10:49:31,187.68,46.56,82.93,43.65,14.55,-0.02
20230207104931950,2023-02-07 10:49:31,33.46,18.91,17.46,-13.09,10.18,0.01
20230207104932249,2023-02-07 10:49:32,21.82,16.00,5.82,0.00,0.00,0.00
20230207104932573,2023-02-07 10:49:32,-18.91,0.00,0.00,-21.82,2.91,0.02
20230207104932893,2023-02-07 10:49:32,59.65,27.64,27.64,4.36,0.00,-0.01
20230207104933198,2023-02-07 10:49:33,128.03,21.82,69.83,30.55,5.82,0.04
20230207104933389,2023-02-07 10:49:33,269.15,56.74,135.30,48.01,29.10,0.01
20230207104933549,2023-02-07 10:49:33,436.46,104.75,203.68,82.93,45.10,0.03
20230207104933708,2023-02-07 10:49:33,586.31,145.49,245.87,130.94,64.01,-0.01
20230207104933868,2023-02-07 10:49:33,635.78,161.49,276.42,126.57,71.29,0.00
20230207104934027,2023-02-07 10:49:34,683.79,173.13,299.70,135.30,75.65,-0.03
20230207104934198,2023-02-07 10:49:34,269.15,72.74,125.12,45.10,26.19,-0.02
20230207104934384,2023-02-07 10:49:34,53.83,20.37,13.09,13.09,7.27,-0.02
20230207104934599,2023-02-07 10:49:34,4.36,0.00,8.73,-5.82,1.45,-0.01
20230207104934814,2023-02-07 10:49:34,93.11,16.00,43.65,23.28,10.18,-0.03
20230207104934997,2023-02-07 10:49:34,190.59,43.65,101.84,29.10,16.00,0.02
20230207104935176,2023-02-07 10:49:35,346.26,81.47,167.31,58.19,39.28,0.03
20230207104935338,2023-02-07 10:49:35,608.13,141.12,260.42,136.76,69.83,0.02
20230207104935498,2023-02-07 10:49:35,823.45,215.32,347.71,167.31,93.11,0.02
20230207104935657,2023-02-07 10:49:35,912.20,218.23,369.54,218.23,106.21,-0.05
20230207104935818,2023-02-07 10:49:35,561.58,122.21,238.60,142.58,58.19,-0.05
20230207104935980,2023-02-07 10:49:35,58.19,26.19,27.64,0.00,4.36,0.01
20230207104936168,2023-02-07 10:49:36,-13.09,1.45,7.27,-21.82,0.00,0.03
20230207104936389,2023-02-07 10:49:36,4.36,8.73,4.36,-10.18,1.45,0.00
20230207104936605,2023-02-07 10:49:36,55.28,21.82,36.37,-8.73,5.82,0.03
20230207104936822,2023-02-07 10:49:36,112.02,34.92,58.19,5.82,13.09,-0.01
20230207104937008,2023-02-07 10:49:36,248.78,53.83,123.66,43.65,27.64,0.02
20230207104937192,2023-02-07 10:49:37,352.08,82.93,165.85,68.38,34.92,0.02
20230207104937355,2023-02-07 10:49:37,564.49,145.49,238.60,122.21,58.19,0.01
20230207104937514,2023-02-07 10:49:37,695.43,174.58,302.61,139.67,78.56,-0.01
20230207104937674,2023-02-07 10:49:37,862.74,221.14,354.99,192.04,94.57,0.05
20230207104937835,2023-02-07 10:49:37,874.37,212.41,362.26,196.41,103.30,0.01
20230207104937994,2023-02-07 10:49:37,711.43,183.31,304.07,148.40,75.65,0.01
20230207104938154,2023-02-07 10:49:38,106.21,23.28,48.01,26.19,8.73,0.01
20230207104938328,2023-02-07 10:49:38,37.83,10.18,14.55,11.64,1.45,-0.01
20230207104938543,2023-02-07 10:49:38,-0.00,4.36,0.00,-11.64,7.27,0.01
20230207104938760,2023-02-07 10:49:38,30.55,10.18,29.10,-10.18,1.45,-0.05
20230207104938974,2023-02-07 10:49:38,152.76,37.83,65.47,39.28,10.18,-0.02
20230207104939159,2023-02-07 10:49:39,280.79,59.65,123.66,71.29,26.19,0.00
20230207104939330,2023-02-07 10:49:39,375.36,81.47,173.13,71.29,49.47,0.01
20230207104939488,2023-02-07 10:49:39,497.56,128.03,218.23,90.20,61.10,0.02
20230207104939647,2023-02-07 10:49:39,638.69,154.22,274.97,138.21,71.29,0.03
20230207104939809,2023-02-07 10:49:39,744.89,183.31,305.52,173.13,82.93,-0.02
20230207104939968,2023-02-07 10:49:39,757.98,192.04,320.07,160.04,85.84,-0.01
20230207104940129,2023-02-07 10:49:40,549.94,123.66,238.60,126.57,61.10,0.03
20230207104940290,2023-02-07 10:49:40,87.29,29.10,34.92,18.91,4.36,0.03
20230207104940475,2023-02-07 10:49:40,18.91,7.27,5.82,5.82,0.00,-0.04
20230207104940690,2023-02-07 10:49:40,18.91,10.18,10.18,-7.27,5.82,0.01
20230207104940905,2023-02-07 10:49:40,0.00,17.46,1.45,-21.82,2.91,0.00
20230207104941122,2023-02-07 10:49:41,1.45,0.00,2.91,-1.45,0.00,-0.04
20230207104941333,2023-02-07 10:49:41,18.91,8.73,2.91,0.00,7.27,-0.03
20230207104941524,2023-02-07 10:49:41,11.64,21.82,10.18,-21.82,1.45,0.04
20230207104941711,2023-02-07 10:49:41,72.74,26.19,30.55,11.64,4.36,0.01
20230207104941898,2023-02-07 10:49:41,199.32,45.10,96.02,42.19,16.00,-0.03
20230207104942057,2023-02-07 10:49:42,292.43,77.11,146.94,39.28,29.10,0.05
20230207104942218,2023-02-07 10:49:42,413.18,110.57,189.13,64.01,49.47,-0.02
20230207104942386,2023-02-07 10:49:42,583.40,133.85,260.42,123.66,65.47,0.00
20230207104942569,2023-02-07 10:49:42,714.34,168.76,296.79,168.76,80.02,-0.05
20230207104942753,2023-02-07 10:49:42,743.44,184.77,312.80,165.85,80.02,-0.03
20230207104942936,2023-02-07 10:49:42,782.72,183.31,325.89,186.22,87.29,-0.01
20230207104943121,2023-02-07 10:49:43,376.81,82.93,162.94,90.20,40.74,0.03
20230207104943306,2023-02-07 10:49:43,29.10,18.91,23.28,-14.55,1.45,0.03
20230207104943512,2023-02-07 10:49:43,7.27,8.73,13.09,-18.91,4.36,-0.01
20230207104943787,2023-02-07 10:49:43,14.55,14.55,16.00,-21.82,5.82,-0.01
20230207104944057,2023-02-07 10:49:44,77.11,27.64,34.92,14.55,0.00,0.03
20230207104944290,2023-02-07 10:49:44,184.77,52.38,88.75,26.19,17.46,0.01
20230207104944551,2023-02-07 10:49:44,288.06,69.83,141.12,45.10,32.01,0.01
20230207104944816,2023-02-07 10:49:44,397.18,91.66,176.04,87.29,42.19,0.03
20230207104945082,2023-02-07 10:49:45,517.93,129.48,228.41,101.84,58.19,-0.01
20230207104945359,2023-02-07 10:49:45,608.13,139.67,264.79,133.85,69.83,0.01
20230207104945590,2023-02-07 10:49:45,648.87,167.31,279.33,128.03,74.20,0.04
20230207104945812,2023-02-07 10:49:45,693.97,168.76,299.70,138.21,87.29,-0.06
20230207104946050,2023-02-07 10:49:46,720.16,173.13,305.52,158.58,82.93,-0.01
20230207104946280,2023-02-07 10:49:46,494.65,128.03,212.41,97.48,56.74,-0.04
20230207104946519,2023-02-07 10:49:46,82.93,27.64,27.64,23.28,4.36,0.03
20230207104946775,2023-02-07 10:49:46,4.36,4.36,0.00,-2.91,2.91,0.03
20230207104946990,2023-02-07 10:49:46,-0.00,17.46,0.00,-18.91,1.45,-0.01
20230207104947205,2023-02-07 10:49:47,18.91,17.46,13.09,-17.46,5.82,-0.01
20230207104947425,2023-02-07 10:49:47,18.91,17.46,13.09,-11.64,0.00,-0.05
20230207104947613,2023-02-07 10:49:47,-17.46,0.00,0.00,-21.82,4.36,0.01
20230207104947803,2023-02-07 10:49:47,11.64,18.91,7.27,-21.82,7.27,-0.02
20230207104947989,2023-02-07 10:49:47,61.10,8.73,33.46,13.09,5.82,-0.02
20230207104948177,2023-02-07 10:49:48,141.12,27.64,59.65,39.28,14.55,0.01
20230207104948337,2023-02-07 10:49:48,213.87,58.19,80.02,56.74,18.91,0.00
20230207104948502,2023-02-07 10:49:48,224.05,55.28,110.57,32.01,26.19,-0.05
20230207104948688,2023-02-07 10:49:48,341.89,85.84,146.94,72.74,36.37,-0.01
20230207104948871,2023-02-07 10:49:48,346.26,77.11,161.49,66.92,40.74,0.04
20230207104949057,2023-02-07 10:49:49,381.17,90.20,186.22,64.01,40.74,-0.06
20230207104949241,2023-02-07 10:49:49,451.01,110.57,200.77,90.20,49.47,0.05
20230207104949426,2023-02-07 10:49:49,549.94,133.85,242.96,116.39,56.74,-0.04
20230207104949593,2023-02-07 10:49:49,580.49,136.76,251.69,132.39,59.65,-0.01
20230207104949753,2023-02-07 10:49:49,659.05,164.40,269.15,151.31,74.20,0.00
20230207104949913,2023-02-07 10:49:49,693.97,167.31,302.61,141.12,82.93,0.01
20230207104950073,2023-02-07 10:49:50,647.42,151.31,274.97,149.85,71.29,-0.01
20230207104950235,2023-02-07 10:49:50,106.21,30.55,46.56,17.46,11.64,-0.04
20230207104950395,2023-02-07 10:49:50,-10.18,2.91,7.27,-21.82,1.45,0.01
20230207104950593,2023-02-07 10:49:50,11.64,0.00,5.82,4.36,1.45,-0.01
20230207104950807,2023-02-07 10:49:50,4.36,18.91,5.82,-21.82,1.45,-0.03
20230207104951023,2023-02-07 10:49:51,43.65,14.55,29.10,0.00,0.00,0.03
20230207104951238,2023-02-07 10:49:51,167.31,39.28,74.20,39.28,14.55,-0.01
20230207104951424,2023-02-07 10:49:51,253.15,61.10,113.48,53.83,24.73,0.00
20230207104951599,2023-02-07 10:49:51,336.07,87.29,146.94,66.92,34.92,-0.01
20230207104951764,2023-02-07 10:49:51,312.80,80.02,152.76,46.56,33.46,-0.03
20230207104951923,2023-02-07 10:49:51,395.72,88.75,178.95,84.38,43.65,-0.03
20230207104952082,2023-02-07 10:49:52,423.37,88.75,194.95,93.11,46.56,0.02
20230207104952243,2023-02-07 10:49:52,501.93,126.57,224.05,96.02,55.28,0.04
20230207104952403,2023-02-07 10:49:52,519.39,119.30,221.14,113.48,65.47,0.06
20230207104952566,2023-02-07 10:49:52,532.48,125.12,229.87,110.57,66.92,-0.04
20230207104952752,2023-02-07 10:49:52,532.48,139.67,226.96,107.66,58.19,0.00
20230207104952938,2023-02-07 10:49:52,529.57,130.94,235.69,98.93,64.01,0.00
20230207104953121,2023-02-07 10:49:53,538.30,133.85,229.87,112.02,62.56,0.04
20230207104953309,2023-02-07 10:49:53,538.30,132.39,242.96,101.84,61.10,0.02
20230207104953492,2023-02-07 10:49:53,634.32,148.40,272.06,141.12,72.74,-0.02
20230207104953663,2023-02-07 10:49:53,586.31,142.58,266.24,112.02,65.47,0.04
20230207104953823,2023-02-07 10:49:53,117.84,29.10,52.38,21.82,14.55,0.02
20230207104953981,2023-02-07 10:49:53,29.10,11.64,8.73,7.27,1.45,0.00
20230207104954171,2023-02-07 10:49:54,-13.09,0.00,4.36,-21.82,4.36,0.03
20230207104954357,2023-02-07 10:49:54,-1.45,2.91,4.36,-14.55,5.82,-0.01
20230207104954544,2023-02-07 10:49:54,-8.73,11.64,0.00,-21.82,1.45,0.00
20230207104954750,2023-02-07 10:49:54,30.55,7.27,27.64,-7.27,2.91,0.02
20230207104954965,2023-02-07 10:49:54,112.02,27.64,61.10,13.09,10.18,-0.05
20230207104955150,2023-02-07 10:49:55,228.41,53.83,98.93,56.74,18.91,0.03
20230207104955336,2023-02-07 10:49:55,423.37,103.30,183.31,91.66,45.10,-0.04
20230207104955520,2023-02-07 10:49:55,538.30,142.58,237.14,96.02,62.56,0.05
20230207104955696,2023-02-07 10:49:55,679.42,160.04,298.25,136.76,84.38,0.03
20230207104955855,2023-02-07 10:49:55,712.88,165.85,312.80,154.22,80.02,-0.03
20230207104956015,2023-02-07 10:49:56,705.61,178.95,308.43,133.85,84.38,-0.04
20230207104956178,2023-02-07 10:49:56,173.13,49.47,69.83,37.83,16.00,0.01
20230207104956342,2023-02-07 10:49:56,30.55,13.09,14.55,-2.91,5.82,0.02
20230207104956529,2023-02-07 10:49:56,16.00,2.91,5.82,1.45,5.82,0.01
20230207104956724,2023-02-07 10:49:56,-11.64,4.36,0.00,-21.82,5.82,0.00
20230207104956975,2023-02-07 10:49:56,-20.37,0.00,0.00,-21.82,1.45,0.03
20230207104957542,2023-02-07 10:49:57,4.36,14.55,7.27,-21.82,4.36,-0.03
20230207104957876,2023-02-07 10:49:57,-4.36,17.46,0.00,-21.82,0.00,-0.03
20230207104958152,2023-02-07 10:49:58,29.10,18.91,2.91,1.45,5.82,0.01
20230207104958420,2023-02-07 10:49:58,-16.00,5.82,0.00,-21.82,0.00,0.00
20230207104958685,2023-02-07 10:49:58,-5.82,10.18,0.00,-21.82,5.82,-0.01
20230207104958991,2023-02-07 10:49:58,-1.45,11.64,4.36,-21.82,4.36,-0.02
20230207104959351,2023-02-07 10:49:59,4.36,8.73,0.00,-5.82,1.45,-0.01
20230207104959669,2023-02-07 10:49:59,26.19,11.64,8.73,-1.45,7.27,-0.03
20230207104959946,2023-02-07 10:49:59,26.19,17.46,0.00,1.45,7.27,0.00
20230207105000209,2023-02-07 10:50:00,-13.09,7.27,1.45,-21.82,0.00,-0.01
20230207105000440,2023-02-07 10:50:00,4.36,13.09,7.27,-21.82,5.82,0.02
20230207105000627,2023-02-07 10:50:00,-16.00,0.00,0.00,-20.37,4.36,-0.01
20230207105000821,2023-02-07 10:50:00,-2.91,0.00,0.00,-8.73,5.82,-0.01
20230207105001035,2023-02-07 10:50:01,-10.18,8.73,2.91,-21.82,0.00,-0.01
20230207105001435,2023-02-07 10:50:01,16.00,11.64,1.45,-2.91,5.82,-0.02
20230207105001932,2023-02-07 10:50:01,-1.45,20.37,0.00,-21.82,0.00,0.01
20230207105002283,2023-02-07 10:50:02,-7.27,0.00,10.18,-21.82,4.36,0.02
20230207105002665,2023-02-07 10:50:02,0.00,0.00,0.00,0.00,0.00,0.00
20230207105003085,2023-02-07 10:50:03,4.36,11.64,2.91,-13.09,2.91,-0.02
20230207105003529,2023-02-07 10:50:03,7.27,1.45,5.82,0.00,0.00,-0.04
20230207105003825,2023-02-07 10:50:03,0.00,0.00,0.00,-4.36,4.36,-0.04
20230207105004010,2023-02-07 10:50:03,-10.18,0.00,0.00,-14.55,4.36,-0.03
20230207105004197,2023-02-07 10:50:04,-20.37,0.00,0.00,-21.82,1.45,-0.01
20230207105004382,2023-02-07 10:50:04,4.36,8.73,4.36,-11.64,2.91,0.02
20230207105004570,2023-02-07 10:50:04,-4.36,11.64,4.36,-21.82,1.45,-0.03
20230207105004756,2023-02-07 10:50:04,-5.82,5.82,8.73,-21.82,1.45,-0.02
20230207105004963,2023-02-07 10:50:04,7.27,13.09,2.91,-14.55,5.82,0.01
20230207105005183,2023-02-07 10:50:05,-11.64,0.00,5.82,-21.82,4.36,-0.03
20230207105005397,2023-02-07 10:50:05,-17.46,0.00,4.36,-21.82,0.00,-0.01
20230207105005613,2023-02-07 10:50:05,10.18,0.00,7.27,0.00,2.91,0.00
20230207105005828,2023-02-07 10:50:05,20.37,11.64,0.00,2.91,5.82,-0.02
20230207105006100,2023-02-07 10:50:06,-11.64,0.00,1.45,-20.37,7.27,-0.01
20230207105006426,2023-02-07 10:50:06,-5.82,8.73,2.91,-21.82,4.36,-0.02
20230207105006627,2023-02-07 10:50:06,-20.37,1.45,0.00,-21.82,0.00,-0.02
20230207105006894,2023-02-07 10:50:06,21.82,17.46,2.91,-5.82,7.27,0.01
20230207105007267,2023-02-07 10:50:07,-8.73,11.64,0.00,-21.82,1.45,-0.01
20230207105007596,2023-02-07 10:50:07,40.74,16.00,13.09,10.18,1.45,-0.01
20230207105007814,2023-02-07 10:50:07,82.93,33.46,43.65,-2.91,8.73,0.02
20230207105007988,2023-02-07 10:50:07,181.86,37.83,82.93,42.19,18.91,-0.05
20230207105008171,2023-02-07 10:50:08,251.69,55.28,126.57,39.28,30.55,0.02
20230207105008330,2023-02-07 10:50:08,290.97,80.02,125.12,49.47,36.37,-0.03
20230207105008489,2023-02-07 10:50:08,346.26,74.20,145.49,82.93,43.65,0.03
20230207105008649,2023-02-07 10:50:08,385.54,87.29,160.04,90.20,48.01,-0.02
20230207105008810,2023-02-07 10:50:08,426.28,106.21,193.50,71.29,55.28,0.04
20230207105008979,2023-02-07 10:50:08,475.74,119.30,206.59,96.02,53.83,0.01
20230207105009161,2023-02-07 10:50:09,504.84,123.66,213.87,110.57,56.74,-0.02
20230207105009347,2023-02-07 10:50:09,589.22,144.03,245.87,130.94,68.38,0.03
20230207105009533,2023-02-07 10:50:09,565.94,125.12,240.05,136.76,64.01,0.02
20230207105009717,2023-02-07 10:50:09,580.49,148.40,250.24,114.93,66.92,0.04
20230207105009904,2023-02-07 10:50:09,619.77,154.22,261.88,132.39,71.29,0.01
20230207105010073,2023-02-07 10:50:10,398.63,85.84,177.49,87.29,48.01,0.01
20230207105010263,2023-02-07 10:50:10,64.01,24.73,23.28,11.64,4.36,0.00
20230207105010449,2023-02-07 10:50:10,17.46,10.18,0.00,7.27,0.00,-0.02
20230207105010638,2023-02-07 10:50:10,0.00,10.18,7.27,-20.37,2.91,-0.04
20230207105010825,2023-02-07 10:50:10,-10.18,8.73,2.91,-21.82,0.00,-0.04
20230207105011040,2023-02-07 10:50:11,26.19,16.00,16.00,-5.82,0.00,-0.01
20230207105011374,2023-02-07 10:50:11,29.10,16.00,21.82,-14.55,5.82,-0.01
20230207105011759,2023-02-07 10:50:11,145.49,43.65,61.10,32.01,8.73,-0.01
20230207105012023,2023-02-07 10:50:12,189.13,46.56,90.20,26.19,26.19,0.06
20230207105012261,2023-02-07 10:50:12,286.61,71.29,123.66,55.28,36.37,0.02
20230207105012482,2023-02-07 10:50:12,384.08,96.02,167.31,74.20,46.56,-0.01
20230207105012718,2023-02-07 10:50:12,405.91,100.39,180.40,75.65,49.47,0.00
20230207105012951,2023-02-07 10:50:12,468.47,109.11,215.32,84.38,59.65,-0.01
20230207105013211,2023-02-07 10:50:13,509.20,129.48,228.41,94.57,56.74,0.02
20230207105013478,2023-02-07 10:50:13,599.40,139.67,260.42,126.57,72.74,0.01
20230207105013750,2023-02-07 10:50:13,640.14,160.04,276.42,130.94,72.74,0.05
20230207105014032,2023-02-07 10:50:14,663.42,161.49,282.24,148.40,71.29,-0.03
20230207105014258,2023-02-07 10:50:14,618.32,142.58,267.70,141.12,66.92,-0.05
20230207105014416,2023-02-07 10:50:14,112.02,37.83,46.56,17.46,10.18,0.01
20230207105014575,2023-02-07 10:50:14,21.82,13.09,2.91,-1.45,7.27,0.01
20230207105014760,2023-02-07 10:50:14,-2.91,0.00,4.36,-10.18,2.91,0.01
20230207105014945,2023-02-07 10:50:14,1.45,5.82,2.91,-11.64,4.36,0.03
20230207105015137,2023-02-07 10:50:15,4.36,2.91,8.73,-14.55,7.27,0.01
20230207105015351,2023-02-07 10:50:15,16.00,21.82,8.73,-21.82,7.27,0.01
20230207105015567,2023-02-07 10:50:15,112.02,30.55,61.10,8.73,11.64,0.05
20230207105015754,2023-02-07 10:50:15,272.06,56.74,117.84,64.01,33.46,0.05
20230207105015936,2023-02-07 10:50:15,404.45,103.30,174.58,85.84,40.74,0.01
20230207105016118,2023-02-07 10:50:16,573.22,135.30,242.96,133.85,61.10,-0.03
20230207105016276,2023-02-07 10:50:16,596.49,142.58,261.88,126.57,65.47,-0.05
20230207105016439,2023-02-07 10:50:16,609.59,146.94,266.24,129.48,66.92,-0.01
20230207105016601,2023-02-07 10:50:16,581.95,133.85,269.15,114.93,64.01,0.02
20230207105016761,2023-02-07 10:50:16,647.42,160.04,274.97,139.67,72.74,-0.02
20230207105016931,2023-02-07 10:50:16,208.05,50.92,97.48,32.01,27.64,0.00
20230207105017113,2023-02-07 10:50:17,24.73,16.00,23.28,-21.82,7.27,0.02
20230207105017330,2023-02-07 10:50:17,11.64,0.00,7.27,4.36,0.00,-0.05
20230207105017547,2023-02-07 10:50:17,2.91,4.36,7.27,-10.18,1.45,-0.01
20230207105017762,2023-02-07 10:50:17,-8.73,0.00,7.27,-21.82,5.82,0.01
20230207105017978,2023-02-07 10:50:17,-4.36,10.18,0.00,-17.46,2.91,-0.05
20230207105018193,2023-02-07 10:50:18,11.64,10.18,2.91,-1.45,0.00,-0.01
20230207105018385,2023-02-07 10:50:18,68.38,18.91,39.28,5.82,4.36,-0.04
20230207105018574,2023-02-07 10:50:18,177.49,50.92,71.29,40.74,14.55,0.05
20230207105018734,2023-02-07 10:50:18,314.25,84.38,142.58,52.38,34.92,-0.03
20230207105018897,2023-02-07 10:50:18,452.46,97.48,200.77,104.75,49.47,-0.02
20230207105019060,2023-02-07 10:50:19,516.48,130.94,228.41,98.93,58.19,0.01
20230207105019229,2023-02-07 10:50:19,606.68,138.21,260.42,139.67,68.38,-0.05
20230207105019415,2023-02-07 10:50:19,586.31,146.94,254.60,122.21,62.56,0.01
20230207105019605,2023-02-07 10:50:19,597.95,151.31,261.88,120.75,64.01,0.01
20230207105019796,2023-02-07 10:50:19,344.80,80.02,154.22,77.11,33.46,0.01
20230207105019980,2023-02-07 10:50:19,32.01,14.55,21.82,-7.27,2.91,-0.01
20230207105020247,2023-02-07 10:50:20,18.91,18.91,0.00,-1.45,1.45,0.01
20230207105020432,2023-02-07 10:50:20,32.01,18.91,0.00,7.27,5.82,-0.01
20230207105020616,2023-02-07 10:50:20,1.45,11.64,8.73,-21.82,2.91,0.03
20230207105020801,2023-02-07 10:50:20,16.00,5.82,8.73,-2.91,4.36,-0.04
20230207105020985,2023-02-07 10:50:20,-7.27,1.45,8.73,-21.82,4.36,0.01
20230207105021172,2023-02-07 10:50:21,24.73,14.55,5.82,-1.45,5.82,-0.01
20230207105021378,2023-02-07 10:50:21,2.91,16.00,5.82,-21.82,2.91,0.02
20230207105021597,2023-02-07 10:50:21,27.64,11.64,13.09,0.00,2.91,0.03
20230207105021811,2023-02-07 10:50:21,36.37,24.73,8.73,2.91,0.00,-0.02
20230207105022027,2023-02-07 10:50:22,66.92,16.00,43.65,-4.36,11.64,-0.01
20230207105022240,2023-02-07 10:50:22,162.94,46.56,78.56,20.37,17.46,0.00
20230207105022405,2023-02-07 10:50:22,318.62,82.93,142.58,62.56,30.55,-0.01
20230207105022564,2023-02-07 10:50:22,459.74,103.30,206.59,97.48,52.38,0.01
20230207105022723,2023-02-07 10:50:22,561.58,129.48,235.69,128.03,68.38,-0.02
20230207105022882,2023-02-07 10:50:22,554.30,133.85,245.87,106.21,68.38,0.03
20230207105023040,2023-02-07 10:50:23,670.69,149.85,293.88,148.40,78.56,0.03
20230207105023200,2023-02-07 10:50:23,673.60,170.22,299.70,126.57,77.11,0.02
20230207105023377,2023-02-07 10:50:23,686.70,157.13,305.52,152.76,71.29,0.01
20230207105023561,2023-02-07 10:50:23,269.15,65.47,104.75,68.38,30.55,0.03
20230207105023748,2023-02-07 10:50:23,33.46,16.00,17.46,-2.91,2.91,0.04
20230207105024011,2023-02-07 10:50:23,10.18,18.91,8.73,-21.82,4.36,-0.01
20230207105024240,2023-02-07 10:50:24,27.64,11.64,11.64,-1.45,5.82,-0.01
20230207105024445,2023-02-07 10:50:24,27.64,5.82,13.09,5.82,2.91,-0.01
20230207105024713,2023-02-07 10:50:24,78.56,20.37,56.74,-2.91,4.36,-0.06
20230207105024948,2023-02-07 10:50:24,208.05,59.65,100.39,27.64,20.37,-0.03
20230207105025175,2023-02-07 10:50:25,352.08,90.20,168.76,55.28,37.83,0.00
20230207105025503,2023-02-07 10:50:25,523.75,119.30,232.78,113.48,58.19,-0.01
20230207105025781,2023-02-07 10:50:25,695.43,168.76,298.25,151.31,77.11,0.04
20230207105026056,2023-02-07 10:50:26,727.43,180.40,317.16,149.85,80.02,0.02
20230207105026323,2023-02-07 10:50:26,848.19,215.32,356.44,181.86,94.57,0.01
20230207105026623,2023-02-07 10:50:26,593.59,142.58,247.33,142.58,61.10,-0.01
20230207105026853,2023-02-07 10:50:26,69.83,13.09,26.19,23.28,7.27,-0.01
20230207105027121,2023-02-07 10:50:27,11.64,5.82,7.27,-8.73,7.27,0.01
20230207105027386,2023-02-07 10:50:27,-16.00,0.00,0.00,-21.82,5.82,-0.03
20230207105027704,2023-02-07 10:50:27,2.91,18.91,0.00,-21.82,5.82,0.04
20230207105027919,2023-02-07 10:50:27,23.28,16.00,13.09,-11.64,5.82,0.03
20230207105028136,2023-02-07 10:50:28,55.28,21.82,21.82,10.18,1.45,-0.01
20230207105028356,2023-02-07 10:50:28,164.40,33.46,81.47,37.83,11.64,-0.05
20230207105028520,2023-02-07 10:50:28,304.07,75.65,132.39,61.10,34.92,0.02
20230207105028678,2023-02-07 10:50:28,477.20,110.57,206.59,112.02,48.01,0.01
20230207105028838,2023-02-07 10:50:28,589.22,145.49,261.88,112.02,69.83,-0.03
20230207105028997,2023-02-07 10:50:28,741.98,181.86,317.16,160.04,82.93,-0.01
20230207105029155,2023-02-07 10:50:29,765.26,186.22,317.16,173.13,88.75,0.01
20230207105029314,2023-02-07 10:50:29,718.70,183.31,312.80,148.40,74.20,-0.03
20230207105029481,2023-02-07 10:50:29,164.40,48.01,58.19,46.56,11.64,0.01
20230207105029667,2023-02-07 10:50:29,4.36,16.00,2.91,-21.82,7.27,-0.02
20230207105029880,2023-02-07 10:50:29,14.55,18.91,8.73,-21.82,8.73,0.03
20230207105030094,2023-02-07 10:50:30,5.82,11.64,8.73,-21.82,7.27,-0.01
20230207105030315,2023-02-07 10:50:30,-16.00,0.00,5.82,-21.82,0.00,0.03
20230207105030519,2023-02-07 10:50:30,16.00,14.55,16.00,-21.82,7.27,0.01
20230207105030704,2023-02-07 10:50:30,75.65,20.37,52.38,-7.27,10.18,-0.05
20230207105030863,2023-02-07 10:50:30,253.15,69.83,117.84,34.92,30.55,-0.01
20230207105031021,2023-02-07 10:50:31,397.18,90.20,189.13,72.74,45.10,0.02
20230207105031180,2023-02-07 10:50:31,542.66,123.66,238.60,123.66,56.74,-0.05
20230207105031342,2023-02-07 10:50:31,557.21,139.67,240.05,122.21,55.28,-0.02
20230207105031505,2023-02-07 10:50:31,635.78,144.03,282.24,135.30,74.20,0.01
20230207105031697,2023-02-07 10:50:31,338.98,77.11,146.94,85.84,29.10,-0.01
20230207105031881,2023-02-07 10:50:31,26.19,23.28,18.91,-18.91,2.91,0.02
20230207105032098,2023-02-07 10:50:32,-5.82,0.00,14.55,-21.82,1.45,-0.01
20230207105032314,2023-02-07 10:50:32,0.00,14.55,5.82,-21.82,1.45,-0.03
20230207105032523,2023-02-07 10:50:32,-14.55,1.45,4.36,-20.37,0.00,0.03
20230207105032714,2023-02-07 10:50:32,-11.64,7.27,2.91,-21.82,0.00,0.01
20230207105032899,2023-02-07 10:50:32,4.36,8.73,11.64,-16.00,0.00,0.02
20230207105033084,2023-02-07 10:50:33,29.10,16.00,7.27,2.91,2.91,-0.02
20230207105033270,2023-02-07 10:50:33,1.45,13.09,5.82,-21.82,4.36,-0.01
20230207105033455,2023-02-07 10:50:33,32.01,11.64,13.09,-1.45,8.73,0.02
20230207105033660,2023-02-07 10:50:33,18.91,0.00,10.18,5.82,2.91,0.01
20230207105033876,2023-02-07 10:50:33,21.82,7.27,4.36,2.91,7.27,-0.02
20230207105034094,2023-02-07 10:50:34,11.64,14.55,11.64,-21.82,7.27,-0.03
20230207105034311,2023-02-07 10:50:34,10.18,13.09,1.45,-4.36,0.00,-0.03
20230207105034528,2023-02-07 10:50:34,5.82,0.00,2.91,2.91,0.00,0.05
20230207105034717,2023-02-07 10:50:34,13.09,14.55,4.36,-8.73,2.91,0.00
20230207105034903,2023-02-07 10:50:34,30.55,14.55,10.18,0.00,5.82,0.00
20230207105035090,2023-02-07 10:50:35,-17.46,0.00,2.91,-21.82,1.45,0.02
20230207105035276,2023-02-07 10:50:35,-8.73,0.00,1.45,-16.00,5.82,0.03
20230207105035462,2023-02-07 10:50:35,-5.82,8.73,4.36,-21.82,2.91,-0.04
20230207105035659,2023-02-07 10:50:35,4.36,0.00,0.00,-1.45,5.82,0.01
20230207105035875,2023-02-07 10:50:35,-0.00,1.45,5.82,-16.00,8.73,0.03
20230207105036089,2023-02-07 10:50:36,-1.45,0.00,0.00,-2.91,1.45,-0.01
20230207105036303,2023-02-07 10:50:36,14.55,14.55,5.82,-8.73,2.91,0.01
20230207105036517,2023-02-07 10:50:36,-7.27,11.64,2.91,-21.82,0.00,0.00
20230207105036715,2023-02-07 10:50:36,-13.09,0.00,1.45,-16.00,1.45,0.03
20230207105036901,2023-02-07 10:50:36,20.37,16.00,0.00,-2.91,7.27,-0.03
20230207105037087,2023-02-07 10:50:37,-13.09,0.00,4.36,-21.82,4.36,-0.03
20230207105037272,2023-02-07 10:50:37,14.55,7.27,7.27,-4.36,4.36,0.03
20230207105037458,2023-02-07 10:50:37,10.18,0.00,0.00,4.36,5.82,-0.01
20230207105037647,2023-02-07 10:50:37,-0.00,17.46,2.91,-20.37,0.00,-0.01
20230207105037872,2023-02-07 10:50:37,5.82,11.64,5.82,-17.46,5.82,-0.03
20230207105038203,2023-02-07 10:50:38,0.00,14.55,1.45,-21.82,5.82,-0.03
20230207105038510,2023-02-07 10:50:38,-14.55,0.00,0.00,-20.37,5.82,-0.03
20230207105038807,2023-02-07 10:50:38,17.46,14.55,1.45,-4.36,5.82,0.01
20230207105039076,2023-02-07 10:50:39,-2.91,5.82,0.00,-8.73,0.00,-0.04
20230207105039341,2023-02-07 10:50:39,10.18,0.00,7.27,2.91,0.00,0.00
20230207105039606,2023-02-07 10:50:39,13.09,14.55,0.00,-5.82,4.36,0.02
20230207105039924,2023-02-07 10:50:39,4.36,11.64,2.91,-10.18,0.00,0.01
20230207105040228,2023-02-07 10:50:40,17.46,18.91,4.36,-5.82,0.00,0.03
20230207105040542,2023-02-07 10:50:40,21.82,7.27,10.18,2.91,1.45,0.00
20230207105040838,2023-02-07 10:50:40,2.91,14.55,1.45,-21.82,8.73,-0.02
20230207105041103,2023-02-07 10:50:41,-4.36,0.00,1.45,-5.82,0.00,-0.02
20230207105041305,2023-02-07 10:50:41,-1.45,0.00,0.00,-2.91,1.45,0.02
20230207105041491,2023-02-07 10:50:41,13.09,10.18,5.82,-4.36,1.45,-0.01
20230207105041676,2023-02-07 10:50:41,-17.46,0.00,0.00,-21.82,4.36,0.03
20230207105041884,2023-02-07 10:50:41,7.27,0.00,5.82,0.00,1.45,0.01
20230207105042099,2023-02-07 10:50:42,-7.27,8.73,0.00,-21.82,5.82,0.03
20230207105042313,2023-02-07 10:50:42,11.64,16.00,7.27,-17.46,5.82,-0.01
20230207105042528,2023-02-07 10:50:42,-17.46,0.00,0.00,-21.82,4.36,0.03
20230207105042742,2023-02-07 10:50:42,5.82,4.36,0.00,-1.45,2.91,-0.01
20230207105047764,2023-02-07 10:50:47,120.75,40.74,65.47,5.82,8.73,-0.01
20230207105047938,2023-02-07 10:50:47,225.50,64.01,101.84,32.01,27.64,-0.03
20230207105048122,2023-02-07 10:50:48,264.79,58.19,129.48,48.01,29.10,-0.01
20230207105048307,2023-02-07 10:50:48,400.09,97.48,174.58,81.47,46.56,0.00
20230207105048492,2023-02-07 10:50:48,392.81,98.93,178.95,68.38,46.56,-0.04
20230207105048677,2023-02-07 10:50:48,490.29,117.84,210.96,100.39,61.10,0.03
20230207105048860,2023-02-07 10:50:48,520.84,132.39,228.41,97.48,62.56,0.03
20230207105049023,2023-02-07 10:50:49,606.68,149.85,258.97,138.21,59.65,0.02
20230207105049182,2023-02-07 10:50:49,683.79,174.58,289.52,138.21,81.47,-0.02
20230207105049343,2023-02-07 10:50:49,666.33,171.67,282.24,139.67,72.74,-0.02
20230207105049503,2023-02-07 10:50:49,523.75,128.03,226.96,114.93,53.83,0.00
20230207105049660,2023-02-07 10:50:49,42.19,14.55,23.28,-2.91,7.27,0.04
20230207105049847,2023-02-07 10:50:49,16.00,11.64,4.36,-1.45,1.45,0.01
20230207105050053,2023-02-07 10:50:50,7.27,2.91,10.18,-5.82,0.00,-0.01
20230207105050268,2023-02-07 10:50:50,8.73,11.64,0.00,-7.27,4.36,0.01
20230207105050484,2023-02-07 10:50:50,-1.45,17.46,1.45,-21.82,1.45,0.05
20230207105050698,2023-02-07 10:50:50,27.64,13.09,7.27,2.91,4.36,-0.01
20230207105050914,2023-02-07 10:50:50,1.45,13.09,10.18,-21.82,0.00,0.04
20230207105051101,2023-02-07 10:50:51,-14.55,0.00,7.27,-21.82,0.00,0.00
20230207105051289,2023-02-07 10:50:51,61.10,30.55,33.46,-4.36,1.45,0.02
20230207105051553,2023-02-07 10:50:51,116.39,29.10,61.10,14.55,11.64,-0.02
20230207105051783,2023-02-07 10:50:51,171.67,50.92,82.93,18.91,18.91,0.01
20230207105052012,2023-02-07 10:50:51,200.77,56.74,81.47,42.19,20.37,-0.01
20230207105052286,2023-02-07 10:50:52,170.22,48.01,82.93,17.46,21.82,-0.03
20230207105052553,2023-02-07 10:50:52,194.95,53.83,77.11,42.19,21.82,0.05
20230207105052823,2023-02-07 10:50:52,180.40,56.74,84.38,21.82,17.46,0.02
20230207105053079,2023-02-07 10:50:53,232.78,64.01,104.75,36.37,27.64,0.03
20230207105053316,2023-02-07 10:50:53,277.88,72.74,126.57,50.92,27.64,-0.01
20230207105053546,2023-02-07 10:50:53,398.63,112.02,168.76,71.29,46.56,-0.03
20230207105053772,2023-02-07 10:50:53,419.00,100.39,196.41,69.83,52.38,0.03
20230207105053998,2023-02-07 10:50:53,563.03,126.57,241.51,128.03,66.92,0.01
20230207105054277,2023-02-07 10:50:54,661.96,176.04,267.70,139.67,78.56,0.04
20230207105054559,2023-02-07 10:50:54,723.07,184.77,299.70,155.67,82.93,0.01
20230207105054741,2023-02-07 10:50:54,714.34,178.95,289.52,165.85,80.02,0.02
20230207105054924,2023-02-07 10:50:54,144.03,40.74,65.47,20.37,17.46,0.01
20230207105055097,2023-02-07 10:50:55,-14.55,4.36,2.91,-21.82,0.00,0.00
20230207105055284,2023-02-07 10:50:55,5.82,11.64,8.73,-20.37,5.82,0.02
20230207105055468,2023-02-07 10:50:55,11.64,16.00,0.00,-7.27,2.91,0.04
20230207105055654,2023-02-07 10:50:55,-11.64,4.36,4.36,-21.82,1.45,-0.01
20230207105055839,2023-02-07 10:50:55,-4.36,8.73,5.82,-21.82,2.91,0.03
20230207105056026,2023-02-07 10:50:56,20.37,18.91,2.91,-7.27,5.82,0.00
20230207105056237,2023-02-07 10:50:56,-2.91,4.36,0.00,-11.64,4.36,0.03
20230207105056452,2023-02-07 10:50:56,13.09,0.00,13.09,0.00,0.00,-0.01
20230207105056666,2023-02-07 10:50:56,106.21,30.55,53.83,18.91,2.91,0.05
20230207105056851,2023-02-07 10:50:56,225.50,46.56,107.66,50.92,20.37,-0.06
20230207105057037,2023-02-07 10:50:57,244.42,66.92,119.30,33.46,24.73,0.01
20230207105057200,2023-02-07 10:50:57,334.62,87.29,158.58,49.47,39.28,0.00
20230207105057358,2023-02-07 10:50:57,488.83,125.12,208.05,104.75,50.92,-0.01
20230207105057516,2023-02-07 10:50:57,577.58,146.94,251.69,117.84,61.10,0.06
20230207105057674,2023-02-07 10:50:57,645.96,173.13,279.33,122.21,71.29,0.05
20230207105057833,2023-02-07 10:50:57,763.80,178.95,322.98,178.95,82.93,0.01
20230207105057992,2023-02-07 10:50:57,743.44,184.77,311.34,162.94,84.38,-0.01
20230207105058168,2023-02-07 10:50:58,164.40,39.28,77.11,30.55,17.46,0.01
20230207105058353,2023-02-07 10:50:58,5.82,5.82,17.46,-18.91,1.45,-0.01
20230207105058568,2023-02-07 10:50:58,-8.73,8.73,4.36,-21.82,0.00,-0.01
20230207105058783,2023-02-07 10:50:58,20.37,5.82,8.73,2.91,2.91,0.03
20230207105058998,2023-02-07 10:50:58,-1.45,7.27,11.64,-21.82,1.45,-0.03
20230207105059198,2023-02-07 10:50:59,2.91,11.64,7.27,-21.82,5.82,-0.01
20230207105059385,2023-02-07 10:50:59,-8.73,5.82,2.91,-21.82,4.36,0.04
20230207105059571,2023-02-07 10:50:59,82.93,20.37,50.92,5.82,5.82,0.03
20230207105059730,2023-02-07 10:50:59,173.13,32.01,85.84,36.37,18.91,0.01
20230207105059890,2023-02-07 10:50:59,322.98,75.65,138.21,74.20,34.92,0.03
20230207105100048,2023-02-07 10:51:00,496.11,129.48,208.05,107.66,50.92,0.03
20230207105100218,2023-02-07 10:51:00,535.39,130.94,234.23,106.21,64.01,0.01
20230207105100403,2023-02-07 10:51:00,651.78,157.13,289.52,132.39,72.74,0.01
20230207105100588,2023-02-07 10:51:00,707.06,160.04,299.70,161.49,85.84,0.05
20230207105100771,2023-02-07 10:51:00,721.61,173.13,311.34,157.13,80.02,-0.04
20230207105100956,2023-02-07 10:51:00,656.14,154.22,289.52,135.30,77.11,-0.03
20230207105101139,2023-02-07 10:51:01,160.04,46.56,71.29,26.19,16.00,-0.04
20230207105101303,2023-02-07 10:51:01,5.82,7.27,8.73,-11.64,1.45,0.02
20230207105101491,2023-02-07 10:51:01,24.73,8.73,13.09,-5.82,8.73,0.03
20230207105101677,2023-02-07 10:51:01,-5.82,5.82,7.27,-21.82,2.91,0.00
20230207105101869,2023-02-07 10:51:01,-10.18,2.91,4.36,-21.82,4.36,-0.02
20230207105102058,2023-02-07 10:51:02,-1.45,10.18,2.91,-21.82,7.27,-0.01
20230207105102253,2023-02-07 10:51:02,20.37,13.09,8.73,-1.45,0.00,0.03
20230207105102470,2023-02-07 10:51:02,-5.82,10.18,0.00,-20.37,4.36,-0.03
20230207105102687,2023-02-07 10:51:02,-4.36,0.00,0.00,-5.82,1.45,0.03
20230207105102904,2023-02-07 10:51:02,5.82,8.73,1.45,-4.36,0.00,0.03
20230207105103118,2023-02-07 10:51:03,17.46,16.00,7.27,-7.27,1.45,-0.01
20230207105103324,2023-02-07 10:51:03,5.82,10.18,11.64,-21.82,5.82,0.02
20230207105103510,2023-02-07 10:51:03,4.36,13.09,10.18,-21.82,2.91,0.03
20230207105103695,2023-02-07 10:51:03,8.73,11.64,1.45,-10.18,5.82,0.03
20230207105103881,2023-02-07 10:51:03,4.36,14.55,2.91,-13.09,0.00,0.01
20230207105104067,2023-02-07 10:51:04,-11.64,1.45,4.36,-21.82,4.36,-0.01
20230207105104255,2023-02-07 10:51:04,-4.36,11.64,5.82,-21.82,0.00,-0.03
20230207105104470,2023-02-07 10:51:04,-4.36,8.73,0.00,-17.46,4.36,-0.01
20230207105104685,2023-02-07 10:51:04,-17.46,0.00,4.36,-21.82,0.00,0.02
20230207105104984,2023-02-07 10:51:04,-1.45,2.91,0.00,-4.36,0.00,0.00
20230207105105338,2023-02-07 10:51:05,-1.45,14.55,0.00,-21.82,5.82,-0.01
20230207105105614,2023-02-07 10:51:05,4.36,8.73,1.45,-7.27,1.45,0.01
20230207105105879,2023-02-07 10:51:05,0.00,8.73,0.00,-8.73,0.00,-0.04
20230207105106149,2023-02-07 10:51:06,-7.27,0.00,1.45,-8.73,0.00,-0.03
20230207105106448,2023-02-07 10:51:06,2.91,1.45,13.09,-14.55,2.91,0.01
20230207105106771,2023-02-07 10:51:06,-1.45,13.09,1.45,-21.82,5.82,0.00
20230207105107080,2023-02-07 10:51:07,-8.73,7.27,0.00,-21.82,5.82,0.02
20230207105107388,2023-02-07 10:51:07,-4.36,2.91,8.73,-21.82,5.82,-0.01
20230207105107657,2023-02-07 10:51:07,-21.82,0.00,0.00,-21.82,0.00,-0.03
20230207105107920,2023-02-07 10:51:07,-18.91,1.45,0.00,-20.37,0.00,0.01
20230207105108138,2023-02-07 10:51:08,-11.64,5.82,1.45,-21.82,2.91,-0.01
20230207105108329,2023-02-07 10:51:08,8.73,16.00,7.27,-14.55,0.00,0.01
20230207105108543,2023-02-07 10:51:08,7.27,2.91,8.73,-4.36,0.00,0.03
20230207105108761,2023-02-07 10:51:08,0.00,5.82,2.91,-8.73,0.00,-0.01
20230207105108976,2023-02-07 10:51:08,-1.45,0.00,5.82,-10.18,2.91,-0.01
20230207105109191,2023-02-07 10:51:09,-5.82,0.00,7.27,-14.55,1.45,0.02
20230207105109401,2023-02-07 10:51:09,-4.36,13.09,1.45,-21.82,2.91,0.01
20230207105109587,2023-02-07 10:51:09,2.91,10.18,0.00,-13.09,5.82,0.06
20230207105109771,2023-02-07 10:51:09,-2.91,0.00,4.36,-8.73,1.45,-0.01
20230207105109958,2023-02-07 10:51:09,2.91,2.91,8.73,-11.64,2.91,0.03
20230207105110144,2023-02-07 10:51:10,4.36,11.64,8.73,-21.82,5.82,-0.02
20230207105110330,2023-02-07 10:51:10,-7.27,0.00,2.91,-13.09,2.91,0.02
20230207105110536,2023-02-07 10:51:10,4.36,0.00,11.64,-7.27,0.00,-0.02
20230207105110750,2023-02-07 10:51:10,11.64,17.46,11.64,-20.37,2.91,0.04
20230207105110965,2023-02-07 10:51:10,11.64,16.00,0.00,-8.73,4.36,-0.01
20230207105111181,2023-02-07 10:51:11,-13.09,7.27,1.45,-21.82,0.00,0.03
20230207105111397,2023-02-07 10:51:11,-2.91,11.64,0.00,-21.82,7.27,0.02
20230207105111584,2023-02-07 10:51:11,-8.73,5.82,0.00,-16.00,1.45,0.05
20230207105111770,2023-02-07 10:51:11,4.36,10.18,0.00,-8.73,2.91,0.03
20230207105111959,2023-02-07 10:51:11,-14.55,2.91,1.45,-18.91,0.00,-0.02
20230207105112146,2023-02-07 10:51:12,-10.18,4.36,5.82,-21.82,1.45,0.03
20230207105326963,2023-02-07 10:53:26,167.31,40.74,64.01,49.47,13.09,0.08
20230207105327123,2023-02-07 10:53:27,296.79,78.56,116.39,68.38,33.46,0.10
20230207105327280,2023-02-07 10:53:27,423.37,100.39,181.86,88.75,52.38,0.15
20230207105327440,2023-02-07 10:53:27,641.60,154.22,257.51,148.40,81.47,0.21
20230207105327598,2023-02-07 10:53:27,819.09,203.68,341.89,168.76,104.75,0.23
20230207105327781,2023-02-07 10:53:27,832.18,213.87,349.17,167.31,101.84,0.23
20230207105327965,2023-02-07 10:53:27,826.36,202.23,349.17,173.13,101.84,0.26
20230207105328149,2023-02-07 10:53:28,394.27,96.02,171.67,82.93,43.65,0.17
20230207105328334,2023-02-07 10:53:28,56.74,26.19,27.64,-7.27,10.18,0.08
20230207105328549,2023-02-07 10:53:28,-4.36,11.64,0.00,-21.82,5.82,0.03
20230207105328744,2023-02-07 10:53:28,-11.64,2.91,7.27,-21.82,0.00,0.03
20230207105328928,2023-02-07 10:53:28,5.82,14.55,11.64,-21.82,1.45,-0.01
20230207105329116,2023-02-07 10:53:29,33.46,8.73,20.37,2.91,1.45,0.01
20230207105329303,2023-02-07 10:53:29,59.65,30.55,21.82,4.36,2.91,0.06
20230207105329488,2023-02-07 10:53:29,139.67,48.01,71.29,8.73,11.64,0.11
20230207105329651,2023-02-07 10:53:29,273.51,65.47,132.39,39.28,36.37,0.12
20230207105329836,2023-02-07 10:53:29,480.11,126.57,197.86,100.39,55.28,0.17
20230207105330020,2023-02-07 10:53:30,667.78,158.58,272.06,152.76,84.38,0.24
20230207105330205,2023-02-07 10:53:30,852.55,208.05,349.17,181.86,113.48,0.25
20230207105330389,2023-02-07 10:53:30,902.02,222.59,366.63,192.04,120.75,0.22
20230207105330576,2023-02-07 10:53:30,583.40,141.12,238.60,135.30,68.38,0.13
20230207105330750,2023-02-07 10:53:30,116.39,32.01,58.19,20.37,5.82,0.09
20230207105330907,2023-02-07 10:53:30,17.46,7.27,5.82,0.00,4.36,0.09
20230207105331094,2023-02-07 10:53:31,-7.27,4.36,7.27,-21.82,2.91,0.05
20230207105331279,2023-02-07 10:53:31,13.09,7.27,2.91,1.45,1.45,0.02
20230207105331464,2023-02-07 10:53:31,8.73,4.36,5.82,-7.27,5.82,0.07
20230207105331649,2023-02-07 10:53:31,71.29,18.91,27.64,18.91,5.82,0.08
20230207105331857,2023-02-07 10:53:31,149.85,34.92,65.47,37.83,11.64,0.15
20230207105332041,2023-02-07 10:53:32,270.60,72.74,110.57,64.01,23.28,0.10
20230207105332229,2023-02-07 10:53:32,373.90,91.66,161.49,68.38,52.38,0.15
20230207105332414,2023-02-07 10:53:32,494.65,123.66,209.50,103.30,58.19,0.18
20230207105332609,2023-02-07 10:53:32,531.03,128.03,231.32,104.75,66.92,0.14
20230207105332858,2023-02-07 10:53:32,672.15,174.58,272.06,144.03,81.47,0.17
20230207105333085,2023-02-07 10:53:33,696.88,167.31,292.43,152.76,84.38,0.18
20230207105333324,2023-02-07 10:53:33,693.97,173.13,290.97,151.31,78.56,0.22
20230207105333547,2023-02-07 10:53:33,161.49,50.92,65.47,27.64,17.46,0.08
20230207105333783,2023-02-07 10:53:33,32.01,7.27,10.18,10.18,4.36,0.05
20230207105334139,2023-02-07 10:53:34,8.73,0.00,4.36,1.45,2.91,-0.02
20230207105334470,2023-02-07 10:53:34,20.37,13.09,4.36,-1.45,4.36,0.09
20230207105334799,2023-02-07 10:53:34,23.28,11.64,5.82,1.45,4.36,0.10
20230207105335063,2023-02-07 10:53:35,110.57,33.46,43.65,26.19,7.27,0.11
20230207105335297,2023-02-07 10:53:35,192.04,45.10,75.65,50.92,20.37,0.12
20230207105335536,2023-02-07 10:53:35,301.16,88.75,130.94,43.65,37.83,0.19
20230207105335762,2023-02-07 10:53:35,478.65,125.12,196.41,104.75,52.38,0.18
20230207105335979,2023-02-07 10:53:35,619.77,164.40,250.24,125.12,80.02,0.21
20230207105336165,2023-02-07 10:53:36,603.77,155.67,261.88,114.93,71.29,0.17
20230207105336349,2023-02-07 10:53:36,725.98,176.04,305.52,148.40,96.02,0.24
20230207105336536,2023-02-07 10:53:36,728.89,181.86,314.25,145.49,87.29,0.23
20230207105336719,2023-02-07 10:53:36,725.98,174.58,305.52,161.49,84.38,0.17
20230207105336891,2023-02-07 10:53:36,544.12,122.21,232.78,125.12,64.01,0.17
20230207105337050,2023-02-07 10:53:37,186.22,50.92,66.92,46.56,21.82,0.09
20230207105337215,2023-02-07 10:53:37,32.01,7.27,16.00,4.36,4.36,0.07
20230207105337401,2023-02-07 10:53:37,29.10,20.37,0.00,8.73,0.00,0.03
20230207105337587,2023-02-07 10:53:37,-8.73,4.36,5.82,-21.82,2.91,0.03
20230207105337777,2023-02-07 10:53:37,-8.73,1.45,7.27,-18.91,1.45,0.05
20230207105337983,2023-02-07 10:53:37,-7.27,7.27,5.82,-21.82,1.45,0.04
20230207105338198,2023-02-07 10:53:38,-18.91,0.00,2.91,-21.82,0.00,0.03
20230207105338413,2023-02-07 10:53:38,13.09,13.09,7.27,-8.73,1.45,0.08
20230207105338631,2023-02-07 10:53:38,18.91,7.27,14.55,-5.82,2.91,0.06
20230207105338847,2023-02-07 10:53:38,49.47,24.73,21.82,-1.45,4.36,0.13
20230207105339037,2023-02-07 10:53:39,122.21,23.28,58.19,29.10,11.64,0.14
20230207105339199,2023-02-07 10:53:39,245.87,66.92,104.75,48.01,26.19,0.10
20230207105339358,2023-02-07 10:53:39,350.62,88.75,154.22,65.47,42.19,0.15
20230207105339516,2023-02-07 10:53:39,535.39,128.03,224.05,119.30,64.01,0.19
20230207105339674,2023-02-07 10:53:39,704.15,177.49,286.61,148.40,91.66,0.17
20230207105339835,2023-02-07 10:53:39,854.01,215.32,333.16,200.77,104.75,0.19
20230207105340012,2023-02-07 10:53:39,862.74,218.23,350.62,187.68,106.21,0.26
20230207105340196,2023-02-07 10:53:40,839.46,210.96,347.71,174.58,106.21,0.28
20230207105340379,2023-02-07 10:53:40,874.37,206.59,357.90,202.23,107.66,0.23
20230207105340565,2023-02-07 10:53:40,871.46,218.23,337.53,205.14,110.57,0.23
20230207105340749,2023-02-07 10:53:40,836.55,221.14,341.89,174.58,98.93,0.26
20230207105340932,2023-02-07 10:53:40,865.64,218.23,357.90,186.22,103.30,0.17
20230207105341093,2023-02-07 10:53:41,322.98,80.02,129.48,74.20,39.28,0.12
20230207105341253,2023-02-07 10:53:41,26.19,18.91,18.91,-21.82,10.18,0.05
20230207105341440,2023-02-07 10:53:41,1.45,10.18,13.09,-21.82,0.00,-0.03
20230207105341625,2023-02-07 10:53:41,-14.55,0.00,5.82,-21.82,1.45,-0.02
20230207105341810,2023-02-07 10:53:41,-4.36,10.18,5.82,-21.82,1.45,0.04
20230207105342006,2023-02-07 10:53:41,11.64,4.36,16.00,-10.18,1.45,0.09
20230207105342222,2023-02-07 10:53:42,69.83,27.64,40.74,1.45,0.00,0.06
20230207105342442,2023-02-07 10:53:42,146.94,42.19,69.83,16.00,18.91,0.14
20230207105342624,2023-02-07 10:53:42,258.97,75.65,114.93,40.74,27.64,0.15
20230207105342811,2023-02-07 10:53:42,365.17,101.84,161.49,59.65,42.19,0.17
20230207105342991,2023-02-07 10:53:42,426.28,98.93,184.77,97.48,45.10,0.19
20230207105343150,2023-02-07 10:53:43,500.47,123.66,222.59,100.39,53.83,0.21
20230207105343309,2023-02-07 10:53:43,528.12,144.03,226.96,94.57,62.56,0.17
20230207105343467,2023-02-07 10:53:43,603.77,155.67,267.70,110.57,69.83,0.25
20230207105343626,2023-02-07 10:53:43,747.80,190.59,314.25,144.03,98.93,0.25
20230207105343786,2023-02-07 10:53:43,771.08,197.86,324.43,148.40,100.39,0.21
20230207105343944,2023-02-07 10:53:43,755.08,186.22,320.07,155.67,93.11,0.17
20230207105344122,2023-02-07 10:53:44,260.42,62.56,113.48,58.19,26.19,0.14
20230207105344307,2023-02-07 10:53:44,37.83,16.00,24.73,-10.18,7.27,0.08
20230207105344522,2023-02-07 10:53:44,11.64,2.91,7.27,1.45,0.00,0.02
20230207105344736,2023-02-07 10:53:44,13.09,7.27,4.36,-2.91,4.36,0.05
20230207105344951,2023-02-07 10:53:44,-8.73,0.00,4.36,-13.09,0.00,0.01
20230207105345145,2023-02-07 10:53:45,5.82,1.45,4.36,-4.36,4.36,-0.02
20230207105345331,2023-02-07 10:53:45,-5.82,2.91,11.64,-21.82,1.45,0.03
20230207105345518,2023-02-07 10:53:45,5.82,1.45,5.82,-7.27,5.82,0.05
20230207105345705,2023-02-07 10:53:45,42.19,13.09,20.37,5.82,2.91,0.08
20230207105345892,2023-02-07 10:53:45,101.84,27.64,58.19,5.82,10.18,0.08
20230207105346072,2023-02-07 10:53:46,267.70,80.02,110.57,45.10,32.01,0.14
20230207105346350,2023-02-07 10:53:46,385.54,97.48,171.67,71.29,45.10,0.16
20230207105346611,2023-02-07 10:53:46,529.57,132.39,229.87,106.21,61.10,0.16
20230207105346880,2023-02-07 10:53:46,587.77,148.40,241.51,128.03,69.83,0.17
20230207105347137,2023-02-07 10:53:47,557.21,142.58,240.05,106.21,68.38,0.15
20230207105347363,2023-02-07 10:53:47,532.48,128.03,228.41,109.11,66.92,0.21
20230207105347601,2023-02-07 10:53:47,624.14,160.04,267.70,128.03,68.38,0.19
20230207105347833,2023-02-07 10:53:47,641.60,162.94,273.51,133.85,71.29,0.21
20230207105348059,2023-02-07 10:53:48,619.77,148.40,264.79,133.85,72.74,0.25
20230207105348321,2023-02-07 10:53:48,616.86,162.94,269.15,114.93,69.83,0.23
20230207105348592,2023-02-07 10:53:48,656.14,161.49,272.06,145.49,77.11,0.17
20230207105348861,2023-02-07 10:53:48,600.86,152.76,261.88,114.93,71.29,0.22
20230207105349135,2023-02-07 10:53:49,627.05,152.76,260.42,138.21,75.65,0.20
20230207105349349,2023-02-07 10:53:49,621.23,160.04,263.33,129.48,68.38,0.21
20230207105349512,2023-02-07 10:53:49,570.31,136.76,250.24,120.75,62.56,0.15
20230207105349673,2023-02-07 10:53:49,88.75,32.01,48.01,-2.91,11.64,0.09
20230207105349831,2023-02-07 10:53:49,5.82,14.55,7.27,-21.82,5.82,0.04
20230207105350018,2023-02-07 10:53:50,8.73,10.18,4.36,-11.64,5.82,0.03
20230207105350219,2023-02-07 10:53:50,8.73,1.45,8.73,-1.45,0.00,0.06
20230207105350433,2023-02-07 10:53:50,13.09,18.91,10.18,-16.00,0.00,0.10
20230207105350647,2023-02-07 10:53:50,72.74,26.19,33.46,13.09,0.00,0.10
20230207105350863,2023-02-07 10:53:50,133.85,42.19,64.01,11.64,16.00,0.14
20230207105351048,2023-02-07 10:53:51,272.06,66.92,122.21,50.92,32.01,0.13
20230207105351223,2023-02-07 10:53:51,496.11,119.30,208.05,110.57,58.19,0.16
20230207105351385,2023-02-07 10:53:51,650.32,161.49,277.88,125.12,85.84,0.20
20230207105351544,2023-02-07 10:53:51,798.72,197.86,334.62,161.49,104.75,0.26
20230207105351702,2023-02-07 10:53:51,859.83,212.41,354.99,174.58,117.84,0.21
20230207105351861,2023-02-07 10:53:51,373.90,106.21,148.40,69.83,49.47,0.12
20230207105352020,2023-02-07 10:53:52,85.84,29.10,34.92,10.18,11.64,0.10
20230207105352179,2023-02-07 10:53:52,10.18,20.37,4.36,-14.55,0.00,0.01
20230207105352394,2023-02-07 10:53:52,14.55,16.00,1.45,-7.27,4.36,0.01
20230207105352614,2023-02-07 10:53:52,14.55,11.64,5.82,-2.91,0.00,-0.01
20230207105352829,2023-02-07 10:53:52,0.00,5.82,2.91,-11.64,2.91,0.01
20230207105353044,2023-02-07 10:53:53,-1.45,4.36,0.00,-5.82,0.00,0.02
20230207105353250,2023-02-07 10:53:53,8.73,8.73,7.27,-7.27,0.00,0.02
20230207105353437,2023-02-07 10:53:53,5.82,8.73,1.45,-8.73,4.36,0.01
20230207105353623,2023-02-07 10:53:53,-11.64,8.73,0.00,-21.82,1.45,0.01
20230207105353809,2023-02-07 10:53:53,4.36,10.18,13.09,-18.91,0.00,-0.01
20230207105353995,2023-02-07 10:53:53,-2.91,1.45,10.18,-16.00,1.45,0.03
20230207105354181,2023-02-07 10:53:54,-2.91,0.00,4.36,-7.27,0.00,0.03
20230207105354389,2023-02-07 10:53:54,4.36,7.27,8.73,-13.09,1.45,0.01
20230207105354604,2023-02-07 10:53:54,7.27,1.45,2.91,-2.91,5.82,0.03
20230207105354818,2023-02-07 10:53:54,4.36,8.73,5.82,-13.09,2.91,0.00
20230207105355033,2023-02-07 10:53:55,5.82,8.73,7.27,-11.64,1.45,0.08
20230207105355246,2023-02-07 10:53:55,46.56,11.64,21.82,11.64,1.45,0.07
20230207105355433,2023-02-07 10:53:55,104.75,30.55,55.28,7.27,11.64,0.15
20230207105355591,2023-02-07 10:53:55,224.05,61.10,103.30,32.01,27.64,0.15
20230207105355751,2023-02-07 10:53:55,353.53,85.84,161.49,61.10,45.10,0.15
20230207105355909,2023-02-07 10:53:55,432.10,109.11,177.49,93.11,52.38,0.15
20230207105356068,2023-02-07 10:53:56,517.93,126.57,222.59,106.21,62.56,0.23
20230207105356228,2023-02-07 10:53:56,536.85,135.30,232.78,103.30,65.47,0.14
20230207105356404,2023-02-07 10:53:56,680.88,168.76,277.88,151.31,82.93,0.24
20230207105356588,2023-02-07 10:53:56,723.07,168.76,301.16,161.49,91.66,0.20
20230207105356773,2023-02-07 10:53:56,744.89,184.77,311.34,151.31,97.48,0.19
20230207105356957,2023-02-07 10:53:56,362.26,97.48,152.76,68.38,43.65,0.18
20230207105357144,2023-02-07 10:53:57,100.39,32.01,33.46,27.64,7.27,0.09
20230207105357325,2023-02-07 10:53:57,21.82,11.64,8.73,-2.91,4.36,0.07
20230207105357511,2023-02-07 10:53:57,14.55,13.09,4.36,-4.36,1.45,0.03
20230207105357702,2023-02-07 10:53:57,-14.55,2.91,4.36,-21.82,0.00,0.01
20230207105357887,2023-02-07 10:53:57,10.18,18.91,0.00,-11.64,2.91,0.04
20230207105358072,2023-02-07 10:53:58,72.74,20.37,42.19,1.45,8.73,0.08
20230207105358258,2023-02-07 10:53:58,244.42,66.92,107.66,43.65,26.19,0.16
20230207105358435,2023-02-07 10:53:58,384.08,107.66,162.94,65.47,48.01,0.19
20230207105358619,2023-02-07 10:53:58,539.76,142.58,226.96,106.21,64.01,0.15
20230207105358802,2023-02-07 10:53:58,657.60,152.76,279.33,142.58,82.93,0.18
20230207105358988,2023-02-07 10:53:58,676.51,177.49,282.24,130.94,85.84,0.23
20230207105359171,2023-02-07 10:53:59,806.00,193.50,333.16,171.67,107.66,0.23
20230207105359355,2023-02-07 10:53:59,685.24,177.49,286.61,133.85,87.29,0.20
20230207105359541,2023-02-07 10:53:59,116.39,43.65,46.56,11.64,14.55,0.12
20230207105359768,2023-02-07 10:53:59,21.82,14.55,2.91,-1.45,5.82,0.02
20230207105400031,2023-02-07 10:54:00,27.64,16.00,13.09,-1.45,0.00,0.01
20230207105400312,2023-02-07 10:54:00,8.73,16.00,7.27,-20.37,5.82,0.00
20230207105400618,2023-02-07 10:54:00,-4.36,14.55,0.00,-18.91,0.00,-0.01
20230207105400949,2023-02-07 10:54:00,11.64,14.55,1.45,-7.27,2.91,0.03
20230207105401263,2023-02-07 10:54:01,-2.91,13.09,0.00,-21.82,5.82,0.01
20230207105401540,2023-02-07 10:54:01,13.09,7.27,2.91,0.00,2.91,0.03
20230207105401812,2023-02-07 10:54:01,8.73,7.27,8.73,-7.27,0.00,0.01
20230207105402082,2023-02-07 10:54:02,-5.82,14.55,0.00,-21.82,1.45,-0.01
20230207105402346,2023-02-07 10:54:02,7.27,14.55,7.27,-21.82,7.27,0.02
20230207105402650,2023-02-07 10:54:02,16.00,11.64,7.27,-7.27,4.36,0.01
20230207105402885,2023-02-07 10:54:02,-13.09,2.91,1.45,-21.82,4.36,0.01
20230207105403101,2023-02-07 10:54:03,-16.00,1.45,2.91,-21.82,1.45,0.05
20230207105403316,2023-02-07 10:54:03,-2.91,7.27,0.00,-10.18,0.00,0.02
20230207105403520,2023-02-07 10:54:03,-7.27,8.73,0.00,-21.82,5.82,0.01
20230207105403707,2023-02-07 10:54:03,-20.37,1.45,0.00,-21.82,0.00,-0.02
20230207105403892,2023-02-07 10:54:03,21.82,13.09,5.82,-2.91,5.82,0.00
20230207105404077,2023-02-07 10:54:04,7.27,5.82,5.82,-8.73,4.36,-0.01
20230207105404265,2023-02-07 10:54:04,-8.73,0.00,1.45,-11.64,1.45,-0.01
20230207105404450,2023-02-07 10:54:04,-2.91,0.00,0.00,-7.27,4.36,0.03
20230207105404662,2023-02-07 10:54:04,-8.73,10.18,1.45,-21.82,1.45,0.01
20230207105404875,2023-02-07 10:54:04,1.45,0.00,0.00,-4.36,5.82,0.01
20230207105405089,2023-02-07 10:54:05,26.19,13.09,11.64,-4.36,5.82,-0.03
20230207105405303,2023-02-07 10:54:05,20.37,4.36,8.73,1.45,5.82,0.01
20230207105405514,2023-02-07 10:54:05,23.28,16.00,0.00,2.91,4.36,-0.03
20230207105405701,2023-02-07 10:54:05,13.09,4.36,5.82,-4.36,7.27,-0.01
20230207105405888,2023-02-07 10:54:05,-20.37,1.45,0.00,-21.82,0.00,-0.01
20230207105406074,2023-02-07 10:54:06,4.36,13.09,7.27,-21.82,5.82,0.02
20230207105406260,2023-02-07 10:54:06,5.82,10.18,5.82,-18.91,8.73,0.01
20230207105406445,2023-02-07 10:54:06,-7.27,14.55,0.00,-21.82,0.00,0.01
20230207105406651,2023-02-07 10:54:06,4.36,11.64,0.00,-7.27,0.00,-0.01
20230207105406868,2023-02-07 10:54:06,-11.64,7.27,2.91,-21.82,0.00,0.00
20230207105407084,2023-02-07 10:54:07,-8.73,11.64,1.45,-21.82,0.00,-0.01
20230207105407298,2023-02-07 10:54:07,-16.00,4.36,1.45,-21.82,0.00,-0.01
20230207105407516,2023-02-07 10:54:07,13.09,8.73,0.00,-1.45,5.82,0.01
20230207105407706,2023-02-07 10:54:07,-2.91,4.36,7.27,-21.82,7.27,0.01
20230207105407897,2023-02-07 10:54:07,-1.45,11.64,8.73,-21.82,0.00,-0.02
20230207105408084,2023-02-07 10:54:08,21.82,13.09,10.18,-5.82,4.36,0.01
20230207105408268,2023-02-07 10:54:08,14.55,7.27,0.00,1.45,5.82,0.01
20230207105408454,2023-02-07 10:54:08,-17.46,1.45,0.00,-21.82,2.91,0.02
20230207105408652,2023-02-07 10:54:08,0.00,0.00,2.91,-5.82,2.91,0.01
20230207105408867,2023-02-07 10:54:08,10.18,11.64,0.00,-7.27,5.82,0.03
20230207105409082,2023-02-07 10:54:09,-8.73,2.91,1.45,-20.37,7.27,0.03
20230207105409296,2023-02-07 10:54:09,-13.09,0.00,4.36,-21.82,4.36,-0.02
20230207105409510,2023-02-07 10:54:09,10.18,5.82,7.27,-2.91,0.00,0.00
20230207105409706,2023-02-07 10:54:09,-4.36,7.27,7.27,-21.82,2.91,0.01
20230207105409892,2023-02-07 10:54:09,16.00,11.64,1.45,-1.45,4.36,0.02
20230207105410081,2023-02-07 10:54:10,-2.91,5.82,13.09,-21.82,0.00,-0.03
20230207105410265,2023-02-07 10:54:10,8.73,10.18,4.36,-5.82,0.00,0.00
20230207105410452,2023-02-07 10:54:10,10.18,13.09,13.09,-21.82,5.82,-0.01
20230207105421512,2023-02-07 10:54:21,87.29,36.37,45.10,-4.36,10.18,0.10
20230207105421695,2023-02-07 10:54:21,215.32,56.74,85.84,45.10,27.64,0.14
20230207105421877,2023-02-07 10:54:21,328.80,85.84,146.94,50.92,45.10,0.17
20230207105422036,2023-02-07 10:54:22,419.00,106.21,173.13,88.75,50.92,0.17
20230207105422195,2023-02-07 10:54:22,487.38,123.66,203.68,101.84,58.19,0.17
20230207105422353,2023-02-07 10:54:22,606.68,151.31,261.88,113.48,80.02,0.16
20230207105422512,2023-02-07 10:54:22,612.50,161.49,261.88,117.84,71.29,0.15
20230207105422671,2023-02-07 10:54:22,753.62,189.13,311.34,158.58,94.57,0.19
20230207105422828,2023-02-07 10:54:22,257.51,59.65,112.02,55.28,30.55,0.09
20230207105423003,2023-02-07 10:54:22,13.09,13.09,7.27,-10.18,2.91,0.00
20230207105423218,2023-02-07 10:54:23,-4.36,11.64,5.82,-21.82,0.00,0.01
20230207105423433,2023-02-07 10:54:23,-2.91,5.82,0.00,-14.55,5.82,0.03
20230207105423647,2023-02-07 10:54:23,5.82,10.18,1.45,-5.82,0.00,0.03
20230207105423860,2023-02-07 10:54:23,-11.64,8.73,1.45,-21.82,0.00,0.05
20230207105424055,2023-02-07 10:54:24,14.55,13.09,7.27,-7.27,1.45,0.03
20230207105424243,2023-02-07 10:54:24,5.82,11.64,0.00,-10.18,4.36,0.02
20230207105424428,2023-02-07 10:54:24,-2.91,7.27,5.82,-21.82,5.82,0.01
20230207105424615,2023-02-07 10:54:24,-4.36,4.36,1.45,-10.18,0.00,0.01
20230207105424802,2023-02-07 10:54:24,8.73,10.18,2.91,-10.18,5.82,0.00
20230207105424995,2023-02-07 10:54:24,4.36,11.64,5.82,-17.46,4.36,0.01
20230207105425211,2023-02-07 10:54:25,-13.09,1.45,5.82,-21.82,1.45,0.03
20230207105425429,2023-02-07 10:54:25,14.55,10.18,4.36,-4.36,4.36,0.00
20230207105425645,2023-02-07 10:54:25,1.45,10.18,7.27,-21.82,5.82,0.04
20230207105425859,2023-02-07 10:54:25,10.18,7.27,0.00,-2.91,5.82,0.01
20230207105426060,2023-02-07 10:54:26,-8.73,8.73,0.00,-21.82,4.36,0.04
20230207105426247,2023-02-07 10:54:26,-10.18,1.45,10.18,-21.82,0.00,0.01
20230207105426475,2023-02-07 10:54:26,1.45,13.09,7.27,-21.82,2.91,0.04
20230207105426751,2023-02-07 10:54:26,-4.36,0.00,5.82,-17.46,7.27,0.04
20230207105427019,2023-02-07 10:54:27,11.64,7.27,2.91,-2.91,4.36,0.04
20230207105427350,2023-02-07 10:54:27,-17.46,1.45,0.00,-21.82,2.91,0.00
20230207105427667,2023-02-07 10:54:27,-0.00,8.73,8.73,-20.37,2.91,0.01
20230207105427999,2023-02-07 10:54:27,5.82,7.27,4.36,-14.55,8.73,-0.02
20230207105428266,2023-02-07 10:54:28,-18.91,2.91,0.00,-21.82,0.00,0.01
20230207105428531,2023-02-07 10:54:28,16.00,10.18,1.45,-1.45,5.82,0.03
20230207105428804,2023-02-07 10:54:28,-16.00,1.45,2.91,-21.82,1.45,0.03
20230207105429073,2023-02-07 10:54:29,-4.36,8.73,8.73,-21.82,0.00,0.04
20230207105429392,2023-02-07 10:54:29,-14.55,5.82,0.00,-21.82,1.45,0.04
20230207105429675,2023-02-07 10:54:29,-2.91,0.00,4.36,-7.27,0.00,-0.01
20230207105429889,2023-02-07 10:54:29,-4.36,4.36,0.00,-8.73,0.00,0.00
20230207105430099,2023-02-07 10:54:30,-7.27,10.18,2.91,-21.82,1.45,0.04
20230207105430284,2023-02-07 10:54:30,-11.64,10.18,0.00,-21.82,0.00,0.02
20230207105430469,2023-02-07 10:54:30,18.91,5.82,10.18,-1.45,4.36,0.04
20230207105430655,2023-02-07 10:54:30,-8.73,0.00,7.27,-21.82,5.82,0.00
20230207105430840,2023-02-07 10:54:30,-14.55,0.00,5.82,-21.82,1.45,0.02
20230207105431027,2023-02-07 10:54:31,-14.55,1.45,1.45,-18.91,1.45,-0.01
20230207105431233,2023-02-07 10:54:31,-7.27,0.00,4.36,-11.64,0.00,0.01
20230207105431448,2023-02-07 10:54:31,-21.82,0.00,0.00,-21.82,0.00,0.03
20230207105431662,2023-02-07 10:54:31,11.64,7.27,1.45,-1.45,4.36,0.05
20230207105431885,2023-02-07 10:54:31,-11.64,1.45,7.27,-20.37,0.00,0.02
20230207105432098,2023-02-07 10:54:32,10.18,11.64,10.18,-11.64,0.00,-0.01
20230207105432285,2023-02-07 10:54:32,-13.09,4.36,1.45,-21.82,2.91,0.02
20230207105432471,2023-02-07 10:54:32,7.27,2.91,8.73,-5.82,1.45,0.01
20230207105432656,2023-02-07 10:54:32,5.82,1.45,4.36,-4.36,4.36,0.01
20230207105432842,2023-02-07 10:54:32,5.82,4.36,10.18,-10.18,1.45,0.05
20230207105433028,2023-02-07 10:54:33,-8.73,5.82,1.45,-21.82,5.82,0.02
20230207105433226,2023-02-07 10:54:33,-13.09,0.00,0.00,-17.46,4.36,0.01
20230207105433442,2023-02-07 10:54:33,-4.36,5.82,5.82,-21.82,5.82,-0.01
20230207105433657,2023-02-07 10:54:33,-7.27,0.00,2.91,-13.09,2.91,0.02
20230207105433871,2023-02-07 10:54:33,-14.55,0.00,7.27,-21.82,0.00,0.01
20230207105636911,2023-02-07 10:56:36,157.13,43.65,69.83,23.28,20.37,0.14
20230207105637088,2023-02-07 10:56:37,296.79,66.92,125.12,65.47,39.28,0.18
20230207105637247,2023-02-07 10:56:37,423.37,112.02,173.13,82.93,55.28,0.17
20230207105637406,2023-02-07 10:56:37,417.55,106.21,177.49,77.11,56.74,0.16
20230207105637564,2023-02-07 10:56:37,500.47,129.48,208.05,98.93,64.01,0.19
20230207105637723,2023-02-07 10:56:37,549.94,135.30,234.23,107.66,72.74,0.17
20230207105637882,2023-02-07 10:56:37,606.68,145.49,245.87,136.76,78.56,0.19
20230207105638042,2023-02-07 10:56:38,580.49,148.40,237.14,123.66,71.29,0.21
20230207105638226,2023-02-07 10:56:38,433.55,110.57,181.86,87.29,53.83,0.17
20230207105638410,2023-02-07 10:56:38,66.92,24.73,27.64,10.18,4.36,0.06
20230207105638625,2023-02-07 10:56:38,24.73,13.09,4.36,4.36,2.91,-0.03
20230207105638838,2023-02-07 10:56:38,11.64,0.00,8.73,-1.45,4.36,0.01
20230207105639052,2023-02-07 10:56:39,-14.55,0.00,0.00,-21.82,7.27,0.00
20230207105639241,2023-02-07 10:56:39,16.00,0.00,8.73,1.45,5.82,0.01
20230207105639426,2023-02-07 10:56:39,8.73,5.82,10.18,-16.00,8.73,0.01
20230207105639612,2023-02-07 10:56:39,-4.36,0.00,0.00,-5.82,1.45,0.03
20230207105639798,2023-02-07 10:56:39,-13.09,0.00,8.73,-21.82,0.00,0.03
20230207105639982,2023-02-07 10:56:39,1.45,1.45,0.00,0.00,0.00,0.01
20230207105640176,2023-02-07 10:56:40,-4.36,7.27,4.36,-21.82,5.82,0.01
20230207105640391,2023-02-07 10:56:40,1.45,7.27,1.45,-10.18,2.91,0.03
20230207105640607,2023-02-07 10:56:40,-8.73,5.82,7.27,-21.82,0.00,0.02
20230207105640864,2023-02-07 10:56:40,11.64,11.64,0.00,-7.27,7.27,0.02
20230207105641172,2023-02-07 10:56:41,2.91,1.45,0.00,-2.91,4.36,-0.01
20230207105641444,2023-02-07 10:56:41,11.64,5.82,10.18,-10.18,5.82,-0.03
20230207105641708,2023-02-07 10:56:41,2.91,11.64,2.91,-16.00,4.36,0.01
20230207105641983,2023-02-07 10:56:41,-13.09,4.36,4.36,-21.82,0.00,-0.02
20230207105642265,2023-02-07 10:56:42,-8.73,7.27,1.45,-18.91,1.45,-0.01
20230207105642578,2023-02-07 10:56:42,11.64,11.64,11.64,-11.64,0.00,0.03
20230207105642899,2023-02-07 10:56:42,8.73,1.45,7.27,0.00,0.00,0.03
20230207105643210,2023-02-07 10:56:43,-14.55,0.00,5.82,-20.37,0.00,0.01
20230207105643481,2023-02-07 10:56:43,2.91,10.18,7.27,-16.00,1.45,0.01
20230207105643756,2023-02-07 10:56:43,5.82,7.27,0.00,-2.91,1.45,0.02
20230207105644014,2023-02-07 10:56:44,0.00,0.00,0.00,-1.45,1.45,-0.01
20230207105644199,2023-02-07 10:56:44,11.64,5.82,0.00,1.45,4.36,0.03
20230207105644413,2023-02-07 10:56:44,11.64,7.27,8.73,-8.73,4.36,0.05
20230207105644627,2023-02-07 10:56:44,-7.27,7.27,7.27,-21.82,0.00,-0.01
20230207105644841,2023-02-07 10:56:44,5.82,0.00,7.27,-4.36,2.91,-0.03
20230207105645057,2023-02-07 10:56:45,-10.18,0.00,0.00,-10.18,0.00,0.03
20230207105645267,2023-02-07 10:56:45,10.18,13.09,0.00,-4.36,1.45,-0.03
20230207105645454,2023-02-07 10:56:45,-2.91,4.36,10.18,-21.82,4.36,0.03
20230207105645639,2023-02-07 10:56:45,-4.36,8.73,4.36,-21.82,4.36,0.01
20230207105645828,2023-02-07 10:56:45,11.64,13.09,2.91,-4.36,0.00,0.01
20230207105646014,2023-02-07 10:56:46,7.27,7.27,5.82,-10.18,4.36,0.03
20230207105646200,2023-02-07 10:56:46,-11.64,2.91,1.45,-21.82,5.82,0.02
20230207105646407,2023-02-07 10:56:46,13.09,2.91,7.27,1.45,1.45,0.02
20230207105646622,2023-02-07 10:56:46,7.27,2.91,0.00,-1.45,5.82,-0.01
20230207105646839,2023-02-07 10:56:46,0.00,11.64,1.45,-21.82,8.73,0.02
20230207105647053,2023-02-07 10:56:47,10.18,1.45,4.36,0.00,4.36,0.01
20230207105647273,2023-02-07 10:56:47,-2.91,13.09,0.00,-21.82,5.82,-0.01
20230207105647461,2023-02-07 10:56:47,-5.82,0.00,5.82,-11.64,0.00,-0.01
20230207105647647,2023-02-07 10:56:47,-20.37,0.00,1.45,-21.82,0.00,-0.01
20230207105647834,2023-02-07 10:56:47,-13.09,0.00,5.82,-21.82,2.91,0.01
20230207105648021,2023-02-07 10:56:48,2.91,0.00,10.18,-8.73,1.45,-0.03
20230207105648207,2023-02-07 10:56:48,-2.91,0.00,1.45,-4.36,0.00,0.03
20230207105648408,2023-02-07 10:56:48,8.73,8.73,4.36,-5.82,1.45,0.01
20230207105648623,2023-02-07 10:56:48,-1.45,1.45,5.82,-14.55,5.82,0.01
20230207105648839,2023-02-07 10:56:48,17.46,7.27,5.82,1.45,2.91,0.03
20230207105649054,2023-02-07 10:56:49,-10.18,0.00,4.36,-14.55,0.00,-0.02
20230207105649268,2023-02-07 10:56:49,-4.36,11.64,2.91,-21.82,2.91,-0.01
