 , ,Total Pressure:, Pressure 1:, Pressure 2:, Pressure 3:, Pressure 4:, Horizontal:
20230125091247704,2023-01-25 09:12:47,5.82,-7.27,0.00,11.64,1.45,0.00
20230125091247929,2023-01-25 09:12:47,20.37,2.91,1.45,13.09,2.91,0.02
20230125091248150,2023-01-25 09:12:48,5.82,-2.91,-2.91,8.73,2.91,0.01
20230125091248381,2023-01-25 09:12:48,11.64,-1.45,1.45,11.64,0.00,-0.01
20230125091248639,2023-01-25 09:12:48,1.45,-2.91,1.45,0.00,2.91,0.01
20230125091248893,2023-01-25 09:12:48,14.55,-4.36,2.91,13.09,2.91,0.00
20230125091249143,2023-01-25 09:12:49,1.45,1.45,0.00,1.45,-1.45,0.03
20230125091249390,2023-01-25 09:12:49,1.45,0.00,0.00,0.00,1.45,0.01
20230125091249613,2023-01-25 09:12:49,11.64,0.00,-2.91,11.64,2.91,0.01
20230125091249840,2023-01-25 09:12:49,8.73,2.91,2.91,0.00,2.91,0.01
20230125091250055,2023-01-25 09:12:50,-0.00,-7.27,0.00,8.73,-1.45,0.01
20230125091250279,2023-01-25 09:12:50,7.27,-2.91,-2.91,10.18,2.91,0.01
20230125091250526,2023-01-25 09:12:50,11.64,0.00,-1.45,10.18,2.91,0.03
20230125091250781,2023-01-25 09:12:50,5.82,1.45,0.00,1.45,2.91,-0.01
20230125091251038,2023-01-25 09:12:51,5.82,1.45,0.00,1.45,2.91,0.00
20230125091251286,2023-01-25 09:12:51,0.00,-4.36,1.45,0.00,2.91,0.01
20230125091251514,2023-01-25 09:12:51,5.82,-7.27,0.00,11.64,1.45,0.00
20230125091251729,2023-01-25 09:12:51,-7.27,-2.91,-2.91,0.00,-1.45,0.01
20230125091251944,2023-01-25 09:12:51,5.82,-1.45,0.00,8.73,-1.45,0.03
20230125091252163,2023-01-25 09:12:52,-5.82,-5.82,0.00,0.00,0.00,0.00
20230125091252380,2023-01-25 09:12:52,-4.36,-5.82,1.45,0.00,0.00,0.00
20230125091252634,2023-01-25 09:12:52,2.91,-8.73,0.00,13.09,-1.45,0.02
20230125091252890,2023-01-25 09:12:52,-4.36,-5.82,0.00,0.00,1.45,-0.01
20230125091253142,2023-01-25 09:12:53,-1.45,-5.82,0.00,1.45,2.91,0.02
20230125091253394,2023-01-25 09:12:53,-1.45,-5.82,-2.91,4.36,2.91,0.01
20230125091253614,2023-01-25 09:12:53,-5.82,-1.45,-2.91,0.00,-1.45,-0.01
20230125091253842,2023-01-25 09:12:53,1.45,-4.36,-2.91,10.18,-1.45,-0.02
20230125091254073,2023-01-25 09:12:54,4.36,1.45,-1.45,0.00,4.36,-0.01
20230125091254389,2023-01-25 09:12:54,2.91,0.00,2.91,0.00,0.00,0.01
20230125091254760,2023-01-25 09:12:54,13.09,-2.91,1.45,11.64,2.91,0.01
20230125091255143,2023-01-25 09:12:55,2.91,2.91,-1.45,0.00,1.45,0.03
20230125091255499,2023-01-25 09:12:55,10.18,1.45,2.91,5.82,0.00,0.00
20230125091255809,2023-01-25 09:12:55,0.00,-4.36,4.36,0.00,0.00,-0.01
20230125091256117,2023-01-25 09:12:56,4.36,0.00,2.91,0.00,1.45,-0.02
20230125091256434,2023-01-25 09:12:56,20.37,2.91,0.00,14.55,2.91,-0.01
20230125091256796,2023-01-25 09:12:56,7.27,-2.91,-1.45,10.18,1.45,0.01
20230125091257161,2023-01-25 09:12:57,17.46,4.36,0.00,13.09,0.00,0.00
20230125091257461,2023-01-25 09:12:57,-5.82,-5.82,-1.45,0.00,1.45,-0.02
20230125091257692,2023-01-25 09:12:57,11.64,2.91,0.00,10.18,-1.45,0.01
20230125091257910,2023-01-25 09:12:57,-2.91,-1.45,-1.45,0.00,0.00,-0.01
20230125091258127,2023-01-25 09:12:58,1.45,1.45,-2.91,0.00,2.91,0.00
20230125091258349,2023-01-25 09:12:58,4.36,-1.45,1.45,1.45,2.91,0.01
20230125091258574,2023-01-25 09:12:58,11.64,1.45,0.00,5.82,4.36,0.03
20230125091258825,2023-01-25 09:12:58,16.00,2.91,0.00,13.09,0.00,-0.01
20230125091259078,2023-01-25 09:12:59,-7.27,-4.36,-1.45,0.00,-1.45,0.00
20230125091259329,2023-01-25 09:12:59,8.73,-4.36,1.45,11.64,0.00,0.00
20230125091259576,2023-01-25 09:12:59,8.73,-5.82,-1.45,13.09,2.91,-0.01
20230125091259800,2023-01-25 09:12:59,-2.91,-2.91,-2.91,0.00,2.91,0.01
20230125091300024,2023-01-25 09:13:00,1.45,-7.27,1.45,8.73,-1.45,0.01
20230125091300246,2023-01-25 09:13:00,-1.45,-1.45,0.00,0.00,0.00,0.00
20230125091310909,2023-01-25 09:13:10,85.84,14.55,8.73,43.65,18.91,0.03
20230125091311129,2023-01-25 09:13:11,113.48,32.01,14.55,39.28,27.64,0.00
20230125091311350,2023-01-25 09:13:11,114.93,32.01,10.18,43.65,29.10,-0.04
20230125091311565,2023-01-25 09:13:11,158.58,39.28,20.37,61.10,37.83,0.01
20230125091311790,2023-01-25 09:13:11,186.22,46.56,27.64,68.38,43.65,0.00
20230125091311980,2023-01-25 09:13:11,237.14,62.56,33.46,87.29,53.83,0.00
20230125091312174,2023-01-25 09:13:12,276.42,75.65,40.74,88.75,71.29,-0.02
20230125091312366,2023-01-25 09:13:12,309.89,84.38,46.56,106.21,72.74,0.00
20230125091312561,2023-01-25 09:13:12,370.99,103.30,58.19,117.84,91.66,0.00
20230125091312752,2023-01-25 09:13:12,451.01,128.03,77.11,132.39,113.48,0.04
20230125091312957,2023-01-25 09:13:12,512.11,145.49,81.47,165.85,119.30,-0.01
20230125091313179,2023-01-25 09:13:13,507.75,138.21,82.93,165.85,120.75,0.03
20230125091313400,2023-01-25 09:13:13,480.11,141.12,78.56,145.49,114.93,0.00
20230125091313619,2023-01-25 09:13:13,494.65,138.21,77.11,160.04,119.30,-0.02
20230125091313842,2023-01-25 09:13:13,485.93,145.49,80.02,145.49,114.93,-0.03
20230125091314031,2023-01-25 09:13:14,490.29,135.30,78.56,160.04,116.39,-0.01
20230125091314218,2023-01-25 09:13:14,481.56,144.03,74.20,146.94,116.39,-0.01
20230125091314414,2023-01-25 09:13:14,484.47,144.03,74.20,149.85,116.39,0.05
20230125091314604,2023-01-25 09:13:14,478.65,142.58,71.29,146.94,117.84,0.02
20230125091314796,2023-01-25 09:13:14,512.11,145.49,87.29,149.85,129.48,-0.01
20230125091314999,2023-01-25 09:13:14,618.32,174.58,103.30,192.04,148.40,0.03
20230125091315224,2023-01-25 09:13:15,616.86,178.95,106.21,180.40,151.31,0.03
20230125091315448,2023-01-25 09:13:15,609.59,168.76,101.84,184.77,154.22,0.02
20230125091315664,2023-01-25 09:13:15,613.95,178.95,101.84,184.77,148.40,0.00
20230125091315880,2023-01-25 09:13:15,622.68,174.58,100.39,197.86,149.85,0.00
20230125091316071,2023-01-25 09:13:16,618.32,174.58,96.02,200.77,146.94,-0.04
20230125091316257,2023-01-25 09:13:16,606.68,171.67,100.39,184.77,149.85,0.01
20230125091316445,2023-01-25 09:13:16,613.95,176.04,107.66,181.86,148.40,0.01
20230125091316632,2023-01-25 09:13:16,612.50,167.31,96.02,199.32,149.85,-0.03
20230125091316819,2023-01-25 09:13:16,605.22,173.13,101.84,184.77,145.49,0.01
20230125091317023,2023-01-25 09:13:17,593.59,167.31,101.84,177.49,146.94,0.00
20230125091317243,2023-01-25 09:13:17,368.08,101.84,50.92,130.94,84.38,-0.02
20230125091317460,2023-01-25 09:13:17,119.30,29.10,13.09,48.01,29.10,-0.02
20230125091317681,2023-01-25 09:13:17,42.19,5.82,4.36,24.73,7.27,-0.01
20230125091317935,2023-01-25 09:13:17,14.55,-4.36,2.91,16.00,0.00,-0.03
20230125091318160,2023-01-25 09:13:18,11.64,-5.82,0.00,14.55,2.91,0.00
20230125091318381,2023-01-25 09:13:18,11.64,1.45,-1.45,7.27,4.36,0.01
20230125091318597,2023-01-25 09:13:18,7.27,2.91,0.00,2.91,1.45,0.02
20230125091318812,2023-01-25 09:13:18,7.27,2.91,1.45,0.00,2.91,0.03
20230125091319039,2023-01-25 09:13:19,17.46,1.45,1.45,14.55,0.00,0.00
20230125091319292,2023-01-25 09:13:19,11.64,-4.36,-1.45,14.55,2.91,0.03
20230125091319551,2023-01-25 09:13:19,27.64,-2.91,4.36,21.82,4.36,0.01
20230125091319803,2023-01-25 09:13:19,40.74,13.09,5.82,8.73,13.09,0.02
20230125091320051,2023-01-25 09:13:20,109.11,23.28,17.46,42.19,26.19,0.01
20230125091320243,2023-01-25 09:13:20,149.85,40.74,24.73,46.56,37.83,0.01
20230125091320438,2023-01-25 09:13:20,245.87,66.92,37.83,88.75,52.38,0.00
20230125091320631,2023-01-25 09:13:20,321.53,93.11,53.83,100.39,74.20,-0.02
20230125091320824,2023-01-25 09:13:20,404.45,112.02,65.47,132.39,94.57,-0.03
20230125091321083,2023-01-25 09:13:21,501.93,148.40,85.84,141.12,126.57,0.00
20230125091321426,2023-01-25 09:13:21,640.14,177.49,109.11,197.86,155.67,0.02
20230125091321749,2023-01-25 09:13:21,740.53,210.96,130.94,210.96,187.68,-0.04
20230125091322078,2023-01-25 09:13:22,784.17,213.87,139.67,238.60,192.04,0.00
20230125091322365,2023-01-25 09:13:22,772.53,218.23,135.30,228.41,190.59,-0.04
20230125091322657,2023-01-25 09:13:22,773.99,221.14,133.85,231.32,187.68,0.04
20230125091322926,2023-01-25 09:13:22,776.90,212.41,132.39,244.42,187.68,0.00
20230125091323239,2023-01-25 09:13:23,776.90,222.59,132.39,234.23,187.68,0.02
20230125091323568,2023-01-25 09:13:23,768.17,215.32,129.48,235.69,187.68,0.01
20230125091323889,2023-01-25 09:13:23,605.22,171.67,98.93,189.13,145.49,-0.03
20230125091324194,2023-01-25 09:13:24,117.84,27.64,21.82,43.65,24.73,0.01
20230125091324391,2023-01-25 09:13:24,27.64,7.27,0.00,16.00,4.36,-0.01
20230125091324611,2023-01-25 09:13:24,13.09,-1.45,-1.45,16.00,0.00,-0.01
20230125091324833,2023-01-25 09:13:24,0.00,1.45,-1.45,0.00,0.00,0.03
20230125091325048,2023-01-25 09:13:25,2.91,-5.82,2.91,5.82,0.00,-0.01
20230125091325300,2023-01-25 09:13:25,10.18,1.45,2.91,4.36,1.45,0.02
20230125091325552,2023-01-25 09:13:25,53.83,11.64,1.45,26.19,14.55,-0.01
20230125091325801,2023-01-25 09:13:25,110.57,26.19,13.09,46.56,24.73,0.00
20230125091326022,2023-01-25 09:13:26,177.49,53.83,24.73,59.65,39.28,0.01
20230125091326233,2023-01-25 09:13:26,256.06,74.20,37.83,78.56,65.47,-0.01
20230125091326424,2023-01-25 09:13:26,404.45,120.75,65.47,120.75,97.48,0.03
20230125091326615,2023-01-25 09:13:26,529.57,158.58,88.75,152.76,129.48,0.02
20230125091326805,2023-01-25 09:13:26,661.96,194.95,116.39,186.22,164.40,0.00
20230125091326995,2023-01-25 09:13:26,672.15,189.13,120.75,196.41,165.85,-0.01
20230125091327185,2023-01-25 09:13:27,682.33,197.86,117.84,199.32,167.31,0.02
20230125091327407,2023-01-25 09:13:27,673.60,197.86,116.39,196.41,162.94,-0.03
20230125091327628,2023-01-25 09:13:27,378.27,110.57,53.83,125.12,88.75,0.00
20230125091327851,2023-01-25 09:13:27,78.56,11.64,11.64,37.83,17.46,-0.01
20230125091328074,2023-01-25 09:13:28,14.55,8.73,-1.45,2.91,4.36,-0.01
20230125091328305,2023-01-25 09:13:28,17.46,-5.82,1.45,18.91,2.91,-0.03
20230125091328527,2023-01-25 09:13:28,16.00,-1.45,2.91,13.09,1.45,-0.01
20230125091328747,2023-01-25 09:13:28,1.45,-1.45,2.91,1.45,-1.45,0.01
20230125091328970,2023-01-25 09:13:28,11.64,1.45,0.00,7.27,2.91,0.02
20230125091329186,2023-01-25 09:13:29,39.28,13.09,4.36,8.73,13.09,0.00
20230125091329438,2023-01-25 09:13:29,91.66,32.01,11.64,23.28,24.73,0.01
20230125091329659,2023-01-25 09:13:29,176.04,48.01,18.91,65.47,43.65,-0.01
20230125091329875,2023-01-25 09:13:29,292.43,85.84,42.19,96.02,68.38,0.02
20230125091330098,2023-01-25 09:13:30,391.36,116.39,64.01,113.48,97.48,-0.02
20230125091330305,2023-01-25 09:13:30,560.12,165.85,94.57,160.04,139.67,0.00
20230125091330498,2023-01-25 09:13:30,693.97,196.41,122.21,199.32,176.04,0.03
20230125091330686,2023-01-25 09:13:30,778.35,221.14,139.67,225.50,192.04,-0.01
20230125091330876,2023-01-25 09:13:30,794.36,228.41,141.12,232.78,192.04,0.02
20230125091331063,2023-01-25 09:13:31,785.63,222.59,139.67,234.23,189.13,0.00
20230125091331254,2023-01-25 09:13:31,785.63,222.59,133.85,241.51,187.68,0.00
20230125091331471,2023-01-25 09:13:31,775.44,221.14,139.67,225.50,189.13,-0.02
20230125091331692,2023-01-25 09:13:31,791.45,224.05,132.39,247.33,187.68,-0.02
20230125091331908,2023-01-25 09:13:31,660.51,187.68,109.11,212.41,151.31,0.04
20230125091332127,2023-01-25 09:13:32,149.85,39.28,20.37,61.10,29.10,0.01
20230125091332339,2023-01-25 09:13:32,8.73,-1.45,2.91,4.36,2.91,0.01
20230125091332556,2023-01-25 09:13:32,11.64,2.91,4.36,0.00,4.36,-0.01
20230125091332773,2023-01-25 09:13:32,21.82,-2.91,5.82,16.00,2.91,-0.03
20230125091332990,2023-01-25 09:13:32,18.91,2.91,0.00,13.09,2.91,-0.03
20230125091333210,2023-01-25 09:13:33,26.19,5.82,1.45,14.55,4.36,0.01
20230125091333443,2023-01-25 09:13:33,53.83,13.09,5.82,23.28,11.64,-0.01
20230125091333691,2023-01-25 09:13:33,113.48,33.46,13.09,43.65,23.28,0.02
20230125091333908,2023-01-25 09:13:33,206.59,56.74,24.73,75.65,49.47,-0.03
20230125091334129,2023-01-25 09:13:34,330.25,96.02,53.83,94.57,85.84,-0.01
20230125091334352,2023-01-25 09:13:34,480.11,138.21,81.47,139.67,120.75,0.00
20230125091334637,2023-01-25 09:13:34,637.23,186.22,104.75,190.59,155.67,-0.02
20230125091334918,2023-01-25 09:13:34,788.54,224.05,136.76,240.05,187.68,0.00
20230125091335191,2023-01-25 09:13:35,795.81,229.87,142.58,235.69,187.68,-0.02
20230125091335486,2023-01-25 09:13:35,794.36,221.14,138.21,247.33,187.68,-0.03
20230125091335821,2023-01-25 09:13:35,765.26,221.14,132.39,225.50,186.22,0.02
20230125091336151,2023-01-25 09:13:36,797.27,229.87,133.85,244.42,189.13,0.03
20230125091336461,2023-01-25 09:13:36,660.51,187.68,109.11,213.87,149.85,0.01
20230125091336737,2023-01-25 09:13:36,128.03,32.01,17.46,50.92,27.64,-0.01
20230125091337010,2023-01-25 09:13:36,13.09,1.45,1.45,2.91,7.27,0.01
20230125091337325,2023-01-25 09:13:37,1.45,-2.91,-1.45,1.45,4.36,0.03
20230125091337657,2023-01-25 09:13:37,-1.45,-1.45,0.00,0.00,0.00,-0.01
20230125091337909,2023-01-25 09:13:37,5.82,-4.36,4.36,4.36,1.45,0.02
20230125091338165,2023-01-25 09:13:38,18.91,-2.91,2.91,14.55,4.36,-0.02
20230125091338414,2023-01-25 09:13:38,17.46,1.45,1.45,7.27,7.27,0.02
20230125091338632,2023-01-25 09:13:38,68.38,13.09,5.82,32.01,17.46,0.03
20230125091338855,2023-01-25 09:13:38,132.39,37.83,21.82,42.19,30.55,-0.04
20230125091339046,2023-01-25 09:13:39,210.96,55.28,29.10,78.56,48.01,0.00
20230125091339241,2023-01-25 09:13:39,320.07,93.11,46.56,100.39,80.02,0.00
20230125091339431,2023-01-25 09:13:39,451.01,129.48,72.74,139.67,109.11,-0.02
20230125091339646,2023-01-25 09:13:39,600.86,176.04,97.48,183.31,144.03,0.03
20230125091339867,2023-01-25 09:13:39,692.52,199.32,120.75,203.68,168.76,-0.01
20230125091340088,2023-01-25 09:13:40,736.16,212.41,128.03,219.68,176.04,0.01
20230125091340308,2023-01-25 09:13:40,749.26,206.59,126.57,238.60,177.49,-0.01
20230125091340524,2023-01-25 09:13:40,750.71,208.05,129.48,240.05,173.13,-0.02
20230125091340720,2023-01-25 09:13:40,744.89,206.59,122.21,238.60,177.49,0.02
20230125091340914,2023-01-25 09:13:40,600.86,171.67,97.48,192.04,139.67,-0.01
20230125091341102,2023-01-25 09:13:41,138.21,27.64,17.46,61.10,32.01,-0.01
20230125091341293,2023-01-25 09:13:41,18.91,2.91,2.91,7.27,5.82,-0.01
20230125091341513,2023-01-25 09:13:41,4.36,-2.91,0.00,7.27,0.00,0.02
20230125091341761,2023-01-25 09:13:41,8.73,-4.36,-1.45,7.27,7.27,0.01
20230125091342013,2023-01-25 09:13:41,49.47,7.27,5.82,18.91,17.46,0.03
20230125091342269,2023-01-25 09:13:42,149.85,45.10,21.82,46.56,36.37,-0.03
20230125091342486,2023-01-25 09:13:42,266.24,75.65,40.74,85.84,64.01,-0.01
20230125091342680,2023-01-25 09:13:42,445.19,133.85,65.47,133.85,112.02,0.02
20230125091342870,2023-01-25 09:13:42,653.23,190.59,112.02,186.22,164.40,0.02
20230125091343060,2023-01-25 09:13:43,820.54,225.50,141.12,251.69,202.23,0.03
20230125091343247,2023-01-25 09:13:43,838.00,235.69,146.94,256.06,199.32,0.01
20230125091343436,2023-01-25 09:13:43,820.54,237.14,144.03,238.60,200.77,-0.01
20230125091343636,2023-01-25 09:13:43,840.91,235.69,144.03,258.97,202.23,0.02
20230125091343857,2023-01-25 09:13:43,806.00,229.87,144.03,235.69,196.41,0.00
20230125091344083,2023-01-25 09:13:44,810.36,229.87,141.12,238.60,200.77,-0.03
20230125091344306,2023-01-25 09:13:44,813.27,226.96,141.12,245.87,199.32,-0.01
20230125091344524,2023-01-25 09:13:44,807.45,225.50,139.67,242.96,199.32,0.01
20230125091344719,2023-01-25 09:13:44,340.44,96.02,48.01,120.75,75.65,-0.02
20230125091344907,2023-01-25 09:13:44,49.47,14.55,5.82,17.46,11.64,0.01
20230125091345126,2023-01-25 09:13:45,20.37,2.91,0.00,16.00,1.45,-0.02
20230125091345346,2023-01-25 09:13:45,1.45,2.91,-2.91,0.00,1.45,-0.02
20230125091345568,2023-01-25 09:13:45,-1.45,0.00,-1.45,0.00,0.00,-0.03
20230125091345822,2023-01-25 09:13:45,17.46,-1.45,2.91,10.18,5.82,-0.03
20230125091346073,2023-01-25 09:13:46,71.29,10.18,8.73,32.01,20.37,0.00
20230125091346331,2023-01-25 09:13:46,164.40,46.56,26.19,52.38,39.28,0.00
20230125091346552,2023-01-25 09:13:46,290.97,85.84,42.19,97.48,65.47,-0.01
20230125091346762,2023-01-25 09:13:46,443.73,135.30,71.29,128.03,109.11,0.01
20230125091346955,2023-01-25 09:13:46,539.76,168.76,91.66,154.22,125.12,-0.02
20230125091347141,2023-01-25 09:13:47,542.66,164.40,85.84,170.22,122.21,0.03
20230125091347328,2023-01-25 09:13:47,532.48,165.85,84.38,160.04,122.21,-0.01
20230125091347525,2023-01-25 09:13:47,545.57,170.22,87.29,164.40,123.66,0.00
20230125091347721,2023-01-25 09:13:47,544.12,170.22,84.38,168.76,120.75,0.00
20230125091348021,2023-01-25 09:13:47,539.76,171.67,87.29,157.13,123.66,-0.01
20230125091348355,2023-01-25 09:13:48,523.75,167.31,82.93,151.31,122.21,-0.02
20230125091348681,2023-01-25 09:13:48,531.03,165.85,88.75,152.76,123.66,0.01
20230125091348946,2023-01-25 09:13:48,522.30,168.76,81.47,151.31,120.75,-0.01
20230125091349233,2023-01-25 09:13:49,533.94,161.49,87.29,162.94,122.21,0.00
20230125091349500,2023-01-25 09:13:49,472.83,141.12,77.11,151.31,103.30,-0.02
20230125091349813,2023-01-25 09:13:49,128.03,30.55,17.46,55.28,24.73,-0.01
20230125091350132,2023-01-25 09:13:50,23.28,2.91,-1.45,18.91,2.91,-0.02
20230125091350526,2023-01-25 09:13:50,10.18,2.91,5.82,1.45,0.00,0.01
20230125091350896,2023-01-25 09:13:50,23.28,5.82,-1.45,14.55,4.36,0.03
20230125091351196,2023-01-25 09:13:51,45.10,13.09,5.82,14.55,11.64,0.01
20230125091351413,2023-01-25 09:13:51,103.30,24.73,17.46,36.37,24.73,0.02
20230125091351603,2023-01-25 09:13:51,218.23,68.38,29.10,72.74,48.01,0.02
20230125091351801,2023-01-25 09:13:51,365.17,116.39,53.83,113.48,81.47,0.02
20230125091352026,2023-01-25 09:13:52,535.39,164.40,88.75,160.04,122.21,-0.01
20230125091352246,2023-01-25 09:13:52,625.59,184.77,104.75,190.59,145.49,0.00
20230125091352467,2023-01-25 09:13:52,631.41,193.50,110.57,184.77,142.58,-0.03
20230125091352696,2023-01-25 09:13:52,637.23,192.04,109.11,196.41,139.67,0.01
20230125091352895,2023-01-25 09:13:52,632.87,187.68,107.66,196.41,141.12,0.03
20230125091353084,2023-01-25 09:13:53,627.05,193.50,104.75,187.68,141.12,-0.03
20230125091353277,2023-01-25 09:13:53,634.32,187.68,107.66,199.32,139.67,0.01
20230125091353469,2023-01-25 09:13:53,631.41,189.13,106.21,194.95,141.12,0.01
20230125091353658,2023-01-25 09:13:53,547.03,170.22,93.11,164.40,119.30,0.01
20230125091353855,2023-01-25 09:13:53,110.57,26.19,16.00,46.56,21.82,-0.01
20230125091354076,2023-01-25 09:13:54,30.55,0.00,2.91,21.82,5.82,0.01
20230125091354331,2023-01-25 09:13:54,21.82,7.27,1.45,11.64,1.45,0.00
20230125091354582,2023-01-25 09:13:54,13.09,-4.36,-1.45,14.55,4.36,-0.02
20230125091354839,2023-01-25 09:13:54,4.36,4.36,0.00,0.00,0.00,-0.02
20230125091355054,2023-01-25 09:13:55,14.55,2.91,1.45,5.82,4.36,-0.01
20230125091355272,2023-01-25 09:13:55,10.18,4.36,2.91,2.91,0.00,-0.01
20230125091355500,2023-01-25 09:13:55,36.37,4.36,1.45,21.82,8.73,-0.01
20230125091355721,2023-01-25 09:13:55,66.92,18.91,13.09,18.91,16.00,0.01
20230125091355955,2023-01-25 09:13:55,151.31,45.10,23.28,46.56,36.37,0.01
20230125091356175,2023-01-25 09:13:56,276.42,81.47,36.37,97.48,61.10,0.01
20230125091356397,2023-01-25 09:13:56,397.18,125.12,58.19,125.12,88.75,-0.02
20230125091356616,2023-01-25 09:13:56,565.94,162.94,91.66,176.04,135.30,0.03
20230125091356833,2023-01-25 09:13:56,631.41,184.77,107.66,184.77,154.22,0.03
20230125091357029,2023-01-25 09:13:57,736.16,221.14,125.12,210.96,178.95,-0.02
20230125091357218,2023-01-25 09:13:57,730.34,216.77,126.57,206.59,180.40,0.00
20230125091357415,2023-01-25 09:13:57,746.35,218.23,129.48,219.68,178.95,0.01
20230125091357604,2023-01-25 09:13:57,723.07,213.87,125.12,205.14,178.95,0.00
20230125091357795,2023-01-25 09:13:57,229.87,64.01,29.10,88.75,48.01,0.01
20230125091358004,2023-01-25 09:13:57,29.10,8.73,1.45,8.73,10.18,-0.03
20230125091358256,2023-01-25 09:13:58,27.64,-1.45,5.82,18.91,4.36,0.01
20230125091358515,2023-01-25 09:13:58,17.46,0.00,4.36,11.64,1.45,0.03
20230125091358771,2023-01-25 09:13:58,5.82,-2.91,4.36,0.00,4.36,0.00
20230125091359017,2023-01-25 09:13:59,16.00,2.91,-1.45,13.09,1.45,-0.01
20230125091359245,2023-01-25 09:13:59,8.73,4.36,4.36,0.00,0.00,-0.01
20230125091359468,2023-01-25 09:13:59,0.00,-1.45,0.00,0.00,1.45,0.00
20230125091359690,2023-01-25 09:13:59,23.28,0.00,0.00,17.46,5.82,-0.01
20230125091359906,2023-01-25 09:13:59,46.56,2.91,2.91,27.64,13.09,0.00
20230125091400151,2023-01-25 09:14:00,91.66,23.28,13.09,30.55,24.73,0.01
20230125091400377,2023-01-25 09:14:00,173.13,50.92,26.19,52.38,43.65,0.03
20230125091400600,2023-01-25 09:14:00,254.60,82.93,36.37,77.11,58.19,0.01
20230125091400819,2023-01-25 09:14:00,340.44,101.84,52.38,103.30,82.93,-0.03
20230125091401032,2023-01-25 09:14:01,429.19,138.21,66.92,129.48,94.57,0.00
20230125091401223,2023-01-25 09:14:01,490.29,152.76,77.11,142.58,117.84,-0.01
20230125091401489,2023-01-25 09:14:01,544.12,170.22,85.84,157.13,130.94,0.00
20230125091401770,2023-01-25 09:14:01,544.12,167.31,88.75,158.58,129.48,0.00
20230125091402047,2023-01-25 09:14:02,650.32,187.68,112.02,196.41,154.22,-0.03
20230125091402394,2023-01-25 09:14:02,645.96,189.13,109.11,189.13,158.58,-0.03
20230125091402725,2023-01-25 09:14:02,632.87,186.22,109.11,178.95,158.58,0.04
20230125091403045,2023-01-25 09:14:03,632.87,187.68,107.66,178.95,158.58,0.01
20230125091403317,2023-01-25 09:14:03,579.04,174.58,100.39,168.76,135.30,0.02
20230125091403599,2023-01-25 09:14:03,110.57,27.64,21.82,39.28,21.82,-0.01
20230125091403870,2023-01-25 09:14:03,13.09,0.00,4.36,2.91,5.82,0.01
20230125091404217,2023-01-25 09:14:04,11.64,-4.36,-2.91,14.55,4.36,0.02
20230125091404549,2023-01-25 09:14:04,8.73,0.00,-1.45,7.27,2.91,0.00
20230125091404798,2023-01-25 09:14:04,18.91,-4.36,1.45,17.46,4.36,0.00
20230125091405053,2023-01-25 09:14:05,-1.45,-5.82,1.45,0.00,2.91,0.00
20230125091405269,2023-01-25 09:14:05,17.46,1.45,2.91,11.64,1.45,-0.01
20230125091405487,2023-01-25 09:14:05,4.36,0.00,0.00,0.00,4.36,-0.03
20230125091405707,2023-01-25 09:14:05,-1.45,-1.45,0.00,0.00,0.00,0.01
20230125091405924,2023-01-25 09:14:05,17.46,-1.45,0.00,14.55,4.36,-0.01
20230125091406151,2023-01-25 09:14:06,-2.91,-4.36,1.45,0.00,0.00,-0.01
20230125091406403,2023-01-25 09:14:06,29.10,2.91,2.91,11.64,11.64,-0.02
20230125091406660,2023-01-25 09:14:06,93.11,26.19,16.00,27.64,23.28,0.02
20230125091406877,2023-01-25 09:14:06,170.22,50.92,26.19,50.92,42.19,0.01
20230125091407093,2023-01-25 09:14:07,245.87,77.11,37.83,74.20,56.74,0.01
20230125091407285,2023-01-25 09:14:07,378.27,114.93,56.74,122.21,84.38,0.00
20230125091407479,2023-01-25 09:14:07,526.66,152.76,85.84,160.04,128.03,0.00
20230125091407669,2023-01-25 09:14:07,597.95,176.04,94.57,178.95,148.40,-0.01
20230125091407856,2023-01-25 09:14:07,606.68,183.31,96.02,177.49,149.85,-0.01
20230125091408047,2023-01-25 09:14:08,611.04,178.95,97.48,189.13,145.49,-0.01
20230125091408254,2023-01-25 09:14:08,609.59,176.04,98.93,192.04,142.58,-0.03
20230125091408471,2023-01-25 09:14:08,602.31,178.95,97.48,178.95,146.94,-0.01
20230125091408694,2023-01-25 09:14:08,446.64,130.94,68.38,148.40,98.93,-0.01
20230125091408910,2023-01-25 09:14:08,82.93,18.91,10.18,37.83,16.00,0.01
20230125091409126,2023-01-25 09:14:09,7.27,0.00,2.91,0.00,4.36,-0.03
20230125091409345,2023-01-25 09:14:09,11.64,2.91,4.36,1.45,2.91,0.00
20230125091409563,2023-01-25 09:14:09,0.00,-5.82,2.91,0.00,2.91,0.03
20230125091409781,2023-01-25 09:14:09,-2.91,-4.36,1.45,0.00,0.00,-0.01
20230125091410005,2023-01-25 09:14:09,2.91,-5.82,4.36,0.00,4.36,-0.02
20230125091410228,2023-01-25 09:14:10,-2.91,-5.82,0.00,0.00,2.91,-0.01
20230125091410480,2023-01-25 09:14:10,13.09,-4.36,-1.45,18.91,0.00,0.03
20230125091410738,2023-01-25 09:14:10,-1.45,-1.45,-2.91,0.00,2.91,-0.01
20230125091410991,2023-01-25 09:14:10,4.36,0.00,1.45,0.00,2.91,-0.03
20230125091411235,2023-01-25 09:14:11,5.82,0.00,1.45,4.36,0.00,-0.01
20230125091411457,2023-01-25 09:14:11,34.92,2.91,4.36,20.37,7.27,0.00
20230125091411675,2023-01-25 09:14:11,65.47,17.46,8.73,21.82,17.46,0.01
20230125091411889,2023-01-25 09:14:11,129.48,33.46,14.55,49.47,32.01,0.00
20230125091412076,2023-01-25 09:14:12,215.32,59.65,30.55,71.29,53.83,0.03
20230125091412271,2023-01-25 09:14:12,304.07,94.57,46.56,90.20,72.74,-0.01
20230125091412502,2023-01-25 09:14:12,397.18,120.75,66.92,114.93,94.57,0.03
20230125091412730,2023-01-25 09:14:12,424.82,125.12,65.47,138.21,96.02,-0.01
20230125091412949,2023-01-25 09:14:12,529.57,152.76,82.93,162.94,130.94,0.01
20230125091413171,2023-01-25 09:14:13,635.78,184.77,104.75,192.04,154.22,-0.03
20230125091413378,2023-01-25 09:14:13,621.23,183.31,103.30,180.40,154.22,-0.01
20230125091413572,2023-01-25 09:14:13,632.87,181.86,98.93,197.86,154.22,0.00
20230125091413767,2023-01-25 09:14:13,634.32,184.77,100.39,196.41,152.76,-0.01
20230125091413957,2023-01-25 09:14:13,627.05,187.68,97.48,187.68,154.22,-0.01
20230125091414148,2023-01-25 09:14:14,615.41,184.77,98.93,181.86,149.85,-0.02
20230125091414355,2023-01-25 09:14:14,615.41,183.31,97.48,184.77,149.85,-0.01
20230125091414576,2023-01-25 09:14:14,609.59,178.95,100.39,177.49,152.76,0.03
20230125091414868,2023-01-25 09:14:14,627.05,180.40,98.93,194.95,152.76,-0.02
20230125091415184,2023-01-25 09:14:15,560.12,170.22,87.29,171.67,130.94,0.01
20230125091415479,2023-01-25 09:14:15,158.58,45.10,23.28,58.19,32.01,0.02
20230125091415757,2023-01-25 09:14:15,37.83,4.36,4.36,20.37,8.73,0.01
20230125091416078,2023-01-25 09:14:16,2.91,1.45,0.00,0.00,1.45,0.01
20230125091416400,2023-01-25 09:14:16,4.36,-5.82,-1.45,10.18,1.45,0.02
20230125091416779,2023-01-25 09:14:16,7.27,1.45,4.36,0.00,1.45,0.00
20230125091417150,2023-01-25 09:14:17,14.55,-2.91,0.00,17.46,0.00,-0.01
20230125091417500,2023-01-25 09:14:17,10.18,-2.91,1.45,13.09,-1.45,-0.03
20230125091417811,2023-01-25 09:14:17,5.82,-4.36,1.45,4.36,4.36,0.01
20230125091418061,2023-01-25 09:14:18,2.91,-2.91,0.00,5.82,0.00,0.01
20230125091418277,2023-01-25 09:14:18,18.91,-1.45,2.91,14.55,2.91,-0.01
20230125091418515,2023-01-25 09:14:18,11.64,-5.82,5.82,8.73,2.91,-0.01
20230125091418777,2023-01-25 09:14:18,7.27,0.00,1.45,4.36,1.45,-0.02
20230125091419024,2023-01-25 09:14:19,13.09,-5.82,1.45,16.00,1.45,0.02
20230125091419276,2023-01-25 09:14:19,10.18,0.00,0.00,7.27,2.91,0.01
20230125091419510,2023-01-25 09:14:19,11.64,1.45,0.00,8.73,1.45,0.01
20230125091419728,2023-01-25 09:14:19,11.64,2.91,-2.91,11.64,0.00,0.02
20230125091419949,2023-01-25 09:14:19,4.36,2.91,0.00,0.00,1.45,-0.01
20230125091420167,2023-01-25 09:14:20,2.91,-1.45,-1.45,5.82,0.00,0.01
20230125091420382,2023-01-25 09:14:20,14.55,0.00,1.45,10.18,2.91,-0.02
20230125091420629,2023-01-25 09:14:20,7.27,-4.36,-1.45,10.18,2.91,-0.01
20230125091420880,2023-01-25 09:14:20,13.09,4.36,2.91,4.36,1.45,0.00
20230125091421137,2023-01-25 09:14:21,11.64,-5.82,-2.91,16.00,4.36,-0.02
20230125091421389,2023-01-25 09:14:21,34.92,5.82,0.00,14.55,14.55,-0.01
20230125091421620,2023-01-25 09:14:21,64.01,11.64,5.82,27.64,18.91,0.00
20230125091421834,2023-01-25 09:14:21,72.74,14.55,13.09,23.28,21.82,-0.01
20230125091422053,2023-01-25 09:14:22,122.21,27.64,13.09,53.83,27.64,0.01
20230125091422242,2023-01-25 09:14:22,145.49,48.01,18.91,42.19,36.37,-0.01
20230125091422434,2023-01-25 09:14:22,184.77,53.83,27.64,62.56,40.74,-0.01
20230125091422649,2023-01-25 09:14:22,183.31,50.92,30.55,61.10,40.74,-0.02
20230125091422877,2023-01-25 09:14:22,258.97,77.11,36.37,91.66,53.83,-0.01
20230125091423097,2023-01-25 09:14:23,250.24,77.11,33.46,81.47,58.19,0.02
20230125091423314,2023-01-25 09:14:23,272.06,78.56,40.74,91.66,61.10,0.01
20230125091423528,2023-01-25 09:14:23,341.89,101.84,49.47,112.02,78.56,-0.01
20230125091423718,2023-01-25 09:14:23,395.72,120.75,62.56,122.21,90.20,-0.01
20230125091423905,2023-01-25 09:14:23,398.63,117.84,61.10,128.03,91.66,-0.01
20230125091424095,2023-01-25 09:14:24,410.27,122.21,58.19,136.76,93.11,0.01
20230125091424292,2023-01-25 09:14:24,405.91,122.21,64.01,125.12,94.57,-0.01
20230125091424483,2023-01-25 09:14:24,426.28,126.57,68.38,130.94,100.39,-0.01
20230125091424698,2023-01-25 09:14:24,433.55,129.48,72.74,126.57,104.75,-0.01
20230125091424917,2023-01-25 09:14:24,453.92,139.67,68.38,133.85,112.02,0.05
20230125091425137,2023-01-25 09:14:25,491.74,146.94,75.65,149.85,119.30,-0.03
20230125091425364,2023-01-25 09:14:25,504.84,149.85,81.47,149.85,123.66,0.02
20230125091425575,2023-01-25 09:14:25,506.29,157.13,75.65,152.76,120.75,-0.01
20230125091425770,2023-01-25 09:14:25,603.77,178.95,94.57,184.77,145.49,-0.01
20230125091425965,2023-01-25 09:14:25,612.50,187.68,100.39,173.13,151.31,-0.02
20230125091426160,2023-01-25 09:14:26,599.40,178.95,94.57,178.95,146.94,0.01
20230125091426352,2023-01-25 09:14:26,619.77,186.22,96.02,190.59,146.94,-0.02
20230125091426546,2023-01-25 09:14:26,618.32,187.68,96.02,190.59,144.03,0.01
20230125091426763,2023-01-25 09:14:26,625.59,186.22,98.93,192.04,148.40,0.03
20230125091426980,2023-01-25 09:14:26,596.49,178.95,94.57,174.58,148.40,-0.02
20230125091427207,2023-01-25 09:14:27,605.22,178.95,91.66,187.68,146.94,-0.01
20230125091427429,2023-01-25 09:14:27,599.40,183.31,101.84,170.22,144.03,-0.01
20230125091427642,2023-01-25 09:14:27,613.95,177.49,96.02,192.04,148.40,-0.01
20230125091427829,2023-01-25 09:14:27,597.95,184.77,93.11,176.04,144.03,0.00
20230125091428021,2023-01-25 09:14:28,615.41,178.95,96.02,194.95,145.49,0.04
20230125091428259,2023-01-25 09:14:28,608.13,181.86,96.02,183.31,146.94,-0.02
20230125091428529,2023-01-25 09:14:28,589.22,178.95,93.11,171.67,145.49,0.01
20230125091428839,2023-01-25 09:14:28,576.13,174.58,91.66,173.13,136.76,0.03
20230125091429166,2023-01-25 09:14:29,184.77,50.92,27.64,71.29,34.92,0.01
20230125091429496,2023-01-25 09:14:29,17.46,2.91,2.91,8.73,2.91,-0.01
20230125091429831,2023-01-25 09:14:29,26.19,2.91,2.91,17.46,2.91,0.01
20230125091430149,2023-01-25 09:14:30,16.00,4.36,2.91,4.36,4.36,0.00
20230125091430466,2023-01-25 09:14:30,-1.45,-2.91,-1.45,0.00,2.91,0.01
20230125091430807,2023-01-25 09:14:30,0.00,-2.91,0.00,0.00,2.91,-0.01
20230125091431178,2023-01-25 09:14:31,0.00,-5.82,2.91,2.91,0.00,0.01
20230125091431502,2023-01-25 09:14:31,17.46,2.91,1.45,10.18,2.91,0.01
20230125091431746,2023-01-25 09:14:31,7.27,-4.36,0.00,10.18,1.45,0.01
20230125091431964,2023-01-25 09:14:31,-2.91,-2.91,-2.91,1.45,1.45,0.01
20230125091432179,2023-01-25 09:14:32,-2.91,-2.91,-1.45,0.00,1.45,0.02
20230125091432397,2023-01-25 09:14:32,4.36,-2.91,-2.91,5.82,4.36,0.00
20230125091432617,2023-01-25 09:14:32,10.18,1.45,0.00,7.27,1.45,0.00
20230125091432856,2023-01-25 09:14:32,-4.36,-5.82,1.45,0.00,0.00,0.00
20230125091433111,2023-01-25 09:14:33,4.36,-1.45,1.45,0.00,4.36,-0.01
20230125091433362,2023-01-25 09:14:33,-4.36,-5.82,-1.45,0.00,2.91,-0.01
20230125091433616,2023-01-25 09:14:33,4.36,-1.45,4.36,0.00,1.45,0.01
20230125091433851,2023-01-25 09:14:33,13.09,-5.82,2.91,10.18,5.82,0.03
20230125091434068,2023-01-25 09:14:34,14.55,-5.82,1.45,16.00,2.91,0.01
20230125091434283,2023-01-25 09:14:34,16.00,4.36,-1.45,7.27,5.82,0.02
20230125091434499,2023-01-25 09:14:34,56.74,14.55,4.36,24.73,13.09,0.00
20230125091434719,2023-01-25 09:14:34,93.11,21.82,10.18,39.28,21.82,0.02
20230125091434932,2023-01-25 09:14:34,144.03,42.19,18.91,48.01,34.92,0.00
20230125091435148,2023-01-25 09:14:35,176.04,55.28,23.28,56.74,40.74,0.00
20230125091435365,2023-01-25 09:14:35,272.06,84.38,36.37,88.75,62.56,-0.01
20230125091435587,2023-01-25 09:14:35,322.98,97.48,50.92,98.93,75.65,-0.01
20230125091435800,2023-01-25 09:14:35,401.54,123.66,66.92,116.39,94.57,0.02
20230125091435990,2023-01-25 09:14:35,510.66,148.40,80.02,160.04,122.21,0.02
20230125091436178,2023-01-25 09:14:36,509.20,154.22,81.47,149.85,123.66,0.02
20230125091436369,2023-01-25 09:14:36,542.66,165.85,90.20,157.13,129.48,0.01
20230125091436560,2023-01-25 09:14:36,555.76,161.49,87.29,173.13,133.85,-0.02
20230125091436752,2023-01-25 09:14:36,544.12,167.31,85.84,160.04,130.94,-0.01
20230125091436965,2023-01-25 09:14:36,535.39,160.04,91.66,157.13,126.57,0.03
20230125091437183,2023-01-25 09:14:37,557.21,160.04,88.75,178.95,129.48,0.01
20230125091437418,2023-01-25 09:14:37,541.21,168.76,85.84,160.04,126.57,0.00
20230125091437643,2023-01-25 09:14:37,538.30,161.49,91.66,155.67,129.48,0.02
20230125091437856,2023-01-25 09:14:37,551.39,162.94,87.29,174.58,126.57,0.01
20230125091438047,2023-01-25 09:14:38,547.03,158.58,88.75,173.13,126.57,0.01
20230125091438237,2023-01-25 09:14:38,548.48,165.85,88.75,167.31,126.57,-0.01
20230125091438425,2023-01-25 09:14:38,544.12,165.85,87.29,161.49,129.48,-0.01
20230125091438612,2023-01-25 09:14:38,535.39,158.58,85.84,162.94,128.03,0.02
20230125091438803,2023-01-25 09:14:38,533.94,158.58,84.38,161.49,129.48,0.03
20230125091439023,2023-01-25 09:14:39,536.85,158.58,85.84,162.94,129.48,-0.03
20230125091439239,2023-01-25 09:14:39,532.48,158.58,85.84,160.04,128.03,0.01
20230125091439461,2023-01-25 09:14:39,487.38,146.94,74.20,155.67,110.57,0.00
20230125091439678,2023-01-25 09:14:39,103.30,23.28,17.46,40.74,21.82,0.01
20230125091439895,2023-01-25 09:14:39,10.18,4.36,1.45,2.91,1.45,0.01
20230125091440114,2023-01-25 09:14:40,1.45,-4.36,0.00,5.82,0.00,0.02
20230125091440333,2023-01-25 09:14:40,11.64,-2.91,1.45,10.18,2.91,-0.01
20230125091440548,2023-01-25 09:14:40,-1.45,-4.36,1.45,0.00,1.45,-0.02
20230125091440777,2023-01-25 09:14:40,18.91,1.45,-1.45,13.09,5.82,-0.01
20230125091441012,2023-01-25 09:14:40,5.82,0.00,4.36,0.00,1.45,0.01
20230125091441271,2023-01-25 09:14:41,-1.45,-5.82,1.45,0.00,2.91,0.01
20230125091441530,2023-01-25 09:14:41,8.73,-4.36,-2.91,13.09,2.91,-0.02
20230125091441899,2023-01-25 09:14:41,17.46,0.00,1.45,11.64,4.36,-0.01
20230125091442207,2023-01-25 09:14:42,17.46,0.00,1.45,11.64,4.36,0.00
20230125091442527,2023-01-25 09:14:42,13.09,-2.91,2.91,10.18,2.91,-0.01
20230125091442849,2023-01-25 09:14:42,8.73,-4.36,1.45,8.73,2.91,-0.01
20230125091443210,2023-01-25 09:14:43,-4.36,-4.36,-2.91,0.00,2.91,0.02
20230125091443597,2023-01-25 09:14:43,7.27,-4.36,-1.45,10.18,2.91,-0.01
20230125091443970,2023-01-25 09:14:43,13.09,0.00,1.45,11.64,0.00,-0.03
20230125091444278,2023-01-25 09:14:44,-5.82,-4.36,0.00,0.00,-1.45,-0.01
20230125091444595,2023-01-25 09:14:44,4.36,-1.45,1.45,2.91,1.45,-0.01
20230125091444868,2023-01-25 09:14:44,30.55,2.91,2.91,18.91,5.82,-0.03
20230125091445105,2023-01-25 09:14:45,42.19,10.18,0.00,18.91,13.09,-0.02
20230125091445359,2023-01-25 09:14:45,78.56,21.82,8.73,21.82,26.19,0.00
20230125091445585,2023-01-25 09:14:45,165.85,48.01,26.19,53.83,37.83,0.01
20230125091445802,2023-01-25 09:14:45,208.05,65.47,29.10,64.01,49.47,-0.01
20230125091446024,2023-01-25 09:14:46,222.59,66.92,27.64,74.20,53.83,-0.01
20230125091446216,2023-01-25 09:14:46,299.70,84.38,42.19,98.93,74.20,0.00
20230125091446407,2023-01-25 09:14:46,373.90,109.11,53.83,119.30,91.66,0.03
20230125091446594,2023-01-25 09:14:46,394.27,119.30,59.65,114.93,100.39,0.02
20230125091446783,2023-01-25 09:14:46,448.10,129.48,69.83,133.85,114.93,0.01
20230125091446980,2023-01-25 09:14:46,529.57,155.67,82.93,158.58,132.39,0.01
20230125091447186,2023-01-25 09:14:47,536.85,158.58,78.56,167.31,132.39,-0.01
20230125091447417,2023-01-25 09:14:47,533.94,152.76,81.47,168.76,130.94,-0.02
20230125091447639,2023-01-25 09:14:47,583.40,173.13,87.29,177.49,145.49,0.00
20230125091447856,2023-01-25 09:14:47,603.77,178.95,94.57,174.58,155.67,0.03
20230125091448072,2023-01-25 09:14:48,619.77,183.31,94.57,184.77,157.13,0.01
20230125091448264,2023-01-25 09:14:48,638.69,184.77,100.39,192.04,161.49,0.01
20230125091448451,2023-01-25 09:14:48,647.42,189.13,104.75,192.04,161.49,-0.01
20230125091448641,2023-01-25 09:14:48,648.87,186.22,104.75,196.41,161.49,-0.01
20230125091448827,2023-01-25 09:14:48,634.32,183.31,96.02,194.95,160.04,0.03
20230125091449021,2023-01-25 09:14:49,632.87,183.31,101.84,189.13,158.58,-0.01
20230125091449231,2023-01-25 09:14:49,628.50,180.40,97.48,190.59,160.04,0.01
20230125091449462,2023-01-25 09:14:49,637.23,186.22,100.39,189.13,161.49,-0.01
20230125091449683,2023-01-25 09:14:49,635.78,186.22,101.84,186.22,161.49,0.03
20230125091449906,2023-01-25 09:14:49,640.14,186.22,98.93,193.50,161.49,-0.01
20230125091450122,2023-01-25 09:14:50,631.41,189.13,98.93,181.86,161.49,0.02
20230125091450308,2023-01-25 09:14:50,634.32,186.22,96.02,193.50,158.58,0.01
20230125091450495,2023-01-25 09:14:50,640.14,184.77,96.02,200.77,158.58,0.02
20230125091450690,2023-01-25 09:14:50,634.32,189.13,98.93,186.22,160.04,0.00
20230125091450878,2023-01-25 09:14:50,619.77,181.86,94.57,186.22,157.13,0.00
20230125091451074,2023-01-25 09:14:51,625.59,189.13,93.11,184.77,158.58,-0.01
20230125091451283,2023-01-25 09:14:51,635.78,187.68,96.02,192.04,160.04,-0.02
20230125091451503,2023-01-25 09:14:51,624.14,181.86,97.48,184.77,160.04,0.00
20230125091451721,2023-01-25 09:14:51,629.96,181.86,96.02,190.59,161.49,0.02
20230125091451943,2023-01-25 09:14:51,641.60,189.13,98.93,196.41,157.13,0.01
20230125091452171,2023-01-25 09:14:52,628.50,181.86,100.39,190.59,155.67,-0.03
20230125091452365,2023-01-25 09:14:52,615.41,181.86,98.93,177.49,157.13,0.01
20230125091452551,2023-01-25 09:14:52,634.32,181.86,98.93,197.86,155.67,-0.02
20230125091452738,2023-01-25 09:14:52,622.68,186.22,98.93,181.86,155.67,0.02
20230125091452924,2023-01-25 09:14:52,629.96,184.77,97.48,184.77,162.94,0.03
20230125091453117,2023-01-25 09:14:53,609.59,183.31,94.57,180.40,151.31,0.00
20230125091453324,2023-01-25 09:14:53,209.50,53.83,30.55,81.47,43.65,-0.03
20230125091453546,2023-01-25 09:14:53,40.74,10.18,4.36,21.82,4.36,0.03
20230125091453794,2023-01-25 09:14:53,13.09,1.45,1.45,5.82,4.36,0.01
20230125091454044,2023-01-25 09:14:54,2.91,-5.82,5.82,1.45,1.45,0.01
20230125091454289,2023-01-25 09:14:54,4.36,2.91,-1.45,0.00,2.91,0.01
20230125091454506,2023-01-25 09:14:54,10.18,1.45,5.82,0.00,2.91,0.01
20230125091454722,2023-01-25 09:14:54,-1.45,-5.82,1.45,1.45,1.45,-0.01
20230125091454941,2023-01-25 09:14:54,20.37,1.45,-1.45,16.00,4.36,-0.01
20230125091455231,2023-01-25 09:14:55,0.00,-4.36,1.45,0.00,2.91,0.01
20230125091455611,2023-01-25 09:14:55,2.91,-2.91,-1.45,4.36,2.91,-0.01
20230125091455980,2023-01-25 09:14:55,1.45,-1.45,2.91,0.00,0.00,-0.02
20230125091456329,2023-01-25 09:14:56,0.00,-4.36,1.45,0.00,2.91,0.02
20230125091456646,2023-01-25 09:14:56,11.64,1.45,0.00,10.18,0.00,-0.01
20230125091456967,2023-01-25 09:14:56,5.82,0.00,4.36,0.00,1.45,-0.01
20230125091457288,2023-01-25 09:14:57,13.09,-1.45,0.00,14.55,0.00,-0.01
20230125091457663,2023-01-25 09:14:57,5.82,0.00,-1.45,5.82,1.45,0.02
20230125091458031,2023-01-25 09:14:58,8.73,-5.82,4.36,8.73,1.45,0.01
20230125091458362,2023-01-25 09:14:58,11.64,1.45,0.00,8.73,1.45,0.01
20230125091458577,2023-01-25 09:14:58,-1.45,-4.36,-1.45,1.45,2.91,-0.01
20230125091458792,2023-01-25 09:14:58,8.73,-2.91,-2.91,14.55,0.00,0.01
20230125091459009,2023-01-25 09:14:58,17.46,1.45,1.45,11.64,2.91,-0.03
20230125091459227,2023-01-25 09:14:59,13.09,-1.45,2.91,5.82,5.82,-0.02
20230125091459461,2023-01-25 09:14:59,37.83,4.36,1.45,20.37,11.64,-0.03
20230125091459710,2023-01-25 09:14:59,58.19,10.18,7.27,21.82,18.91,0.01
20230125091459962,2023-01-25 09:14:59,101.84,27.64,14.55,30.55,29.10,-0.02
20230125091500181,2023-01-25 09:15:00,141.12,36.37,20.37,46.56,37.83,-0.01
20230125091500393,2023-01-25 09:15:00,222.59,62.56,30.55,72.74,56.74,-0.01
20230125091500588,2023-01-25 09:15:00,272.06,81.47,42.19,77.11,71.29,0.00
20230125091500787,2023-01-25 09:15:00,337.53,96.02,53.83,101.84,85.84,-0.02
20230125091500981,2023-01-25 09:15:00,433.55,125.12,65.47,133.85,109.11,0.03
20230125091501176,2023-01-25 09:15:01,436.46,133.85,68.38,126.57,107.66,0.00
20230125091501369,2023-01-25 09:15:01,506.29,145.49,77.11,160.04,123.66,-0.01
20230125091501597,2023-01-25 09:15:01,564.49,161.49,88.75,168.76,145.49,-0.01
20230125091501832,2023-01-25 09:15:01,619.77,178.95,100.39,189.13,151.31,0.01
20230125091502049,2023-01-25 09:15:02,622.68,181.86,100.39,190.59,149.85,-0.01
20230125091502273,2023-01-25 09:15:02,612.50,174.58,96.02,192.04,149.85,-0.03
20230125091502480,2023-01-25 09:15:02,616.86,178.95,94.57,194.95,148.40,0.01
20230125091502670,2023-01-25 09:15:02,603.77,178.95,96.02,177.49,151.31,-0.03
20230125091502862,2023-01-25 09:15:02,602.31,174.58,96.02,184.77,146.94,0.03
20230125091503051,2023-01-25 09:15:03,568.85,167.31,91.66,168.76,141.12,0.03
20230125091503242,2023-01-25 09:15:03,226.96,61.10,34.92,80.02,50.92,-0.01
20230125091503431,2023-01-25 09:15:03,33.46,11.64,2.91,10.18,8.73,-0.01
20230125091503692,2023-01-25 09:15:03,11.64,0.00,0.00,8.73,2.91,0.01
20230125091503941,2023-01-25 09:15:03,13.09,-5.82,0.00,14.55,4.36,-0.01
20230125091504196,2023-01-25 09:15:04,5.82,1.45,1.45,1.45,1.45,0.01
20230125091504448,2023-01-25 09:15:04,1.45,1.45,-1.45,0.00,1.45,0.01
20230125091504669,2023-01-25 09:15:04,10.18,2.91,-1.45,5.82,2.91,-0.03
20230125091504889,2023-01-25 09:15:04,5.82,-5.82,0.00,10.18,1.45,0.00
20230125091505110,2023-01-25 09:15:05,16.00,1.45,-2.91,16.00,1.45,-0.01
20230125091505328,2023-01-25 09:15:05,-4.36,-5.82,-1.45,0.00,2.91,0.01
20230125091505561,2023-01-25 09:15:05,7.27,-4.36,0.00,10.18,1.45,-0.01
20230125091505813,2023-01-25 09:15:05,4.36,-2.91,-1.45,7.27,1.45,0.01
20230125091506065,2023-01-25 09:15:06,10.18,1.45,-1.45,10.18,0.00,-0.02
20230125091506316,2023-01-25 09:15:06,14.55,-4.36,1.45,14.55,2.91,0.03
20230125091506556,2023-01-25 09:15:06,7.27,-4.36,-1.45,13.09,0.00,0.02
20230125091506774,2023-01-25 09:15:06,7.27,-5.82,-1.45,11.64,2.91,-0.01
20230125091506994,2023-01-25 09:15:06,-4.36,-1.45,-2.91,0.00,0.00,0.01
20230125091507213,2023-01-25 09:15:07,1.45,2.91,-4.36,1.45,1.45,0.01
20230125091507433,2023-01-25 09:15:07,11.64,5.82,-4.36,8.73,1.45,-0.01
20230125091507680,2023-01-25 09:15:07,10.18,-1.45,1.45,7.27,2.91,0.03
20230125091507942,2023-01-25 09:15:07,17.46,1.45,1.45,14.55,0.00,0.03
20230125091508195,2023-01-25 09:15:08,1.45,-1.45,0.00,0.00,2.91,0.01
20230125091508463,2023-01-25 09:15:08,1.45,1.45,-1.45,1.45,0.00,-0.03
20230125091508783,2023-01-25 09:15:08,14.55,0.00,-4.36,17.46,1.45,0.00
20230125091509135,2023-01-25 09:15:09,5.82,4.36,-4.36,1.45,4.36,0.01
20230125091509457,2023-01-25 09:15:09,0.00,1.45,-1.45,0.00,0.00,0.03
20230125091509807,2023-01-25 09:15:09,11.64,2.91,-2.91,8.73,2.91,-0.03
20230125091510172,2023-01-25 09:15:10,-1.45,-1.45,-1.45,0.00,1.45,0.00
20230125091510531,2023-01-25 09:15:10,-5.82,-1.45,-2.91,0.00,-1.45,0.02
20230125091510869,2023-01-25 09:15:10,7.27,0.00,-4.36,13.09,-1.45,-0.01
20230125091511182,2023-01-25 09:15:11,7.27,-1.45,0.00,8.73,0.00,-0.01
20230125091511511,2023-01-25 09:15:11,2.91,1.45,-1.45,1.45,1.45,0.01
20230125091511825,2023-01-25 09:15:11,2.91,1.45,-1.45,0.00,2.91,0.01
20230125091512082,2023-01-25 09:15:12,8.73,1.45,-4.36,11.64,0.00,0.01
20230125091512342,2023-01-25 09:15:12,-2.91,0.00,-1.45,0.00,-1.45,-0.01
20230125091512604,2023-01-25 09:15:12,1.45,0.00,1.45,0.00,0.00,0.02
20230125091512834,2023-01-25 09:15:12,-2.91,-2.91,-4.36,0.00,4.36,0.03
20230125091513056,2023-01-25 09:15:13,5.82,0.00,2.91,0.00,2.91,-0.01
20230125091513274,2023-01-25 09:15:13,4.36,5.82,-2.91,1.45,0.00,0.01
20230125091513491,2023-01-25 09:15:13,2.91,0.00,0.00,2.91,0.00,0.00
20230125091513725,2023-01-25 09:15:13,11.64,0.00,0.00,11.64,0.00,0.01
20230125091513982,2023-01-25 09:15:13,5.82,1.45,1.45,1.45,1.45,0.01
20230125091514234,2023-01-25 09:15:14,1.45,1.45,-4.36,0.00,4.36,0.01
20230125091514487,2023-01-25 09:15:14,8.73,-1.45,0.00,5.82,4.36,0.03
20230125091514733,2023-01-25 09:15:14,20.37,1.45,-4.36,20.37,2.91,0.01
20230125091514951,2023-01-25 09:15:14,30.55,0.00,2.91,20.37,7.27,0.02
20230125091515169,2023-01-25 09:15:15,42.19,8.73,1.45,18.91,13.09,-0.02
20230125091515385,2023-01-25 09:15:15,93.11,16.00,10.18,40.74,26.19,0.02
20230125091515576,2023-01-25 09:15:15,144.03,29.10,20.37,56.74,37.83,0.00
20230125091515773,2023-01-25 09:15:15,200.77,53.83,26.19,68.38,52.38,0.03
20230125091515995,2023-01-25 09:15:15,253.15,75.65,36.37,71.29,69.83,-0.03
20230125091516216,2023-01-25 09:15:16,324.43,98.93,45.10,97.48,82.93,0.01
20230125091516441,2023-01-25 09:15:16,386.99,112.02,58.19,114.93,101.84,0.01
20230125091516660,2023-01-25 09:15:16,449.55,128.03,62.56,144.03,114.93,-0.01
20230125091516861,2023-01-25 09:15:16,516.48,157.13,75.65,149.85,133.85,0.03
20230125091517055,2023-01-25 09:15:17,533.94,157.13,80.02,165.85,130.94,0.02
20230125091517249,2023-01-25 09:15:17,517.93,152.76,74.20,157.13,133.85,-0.01
20230125091517439,2023-01-25 09:15:17,532.48,155.67,80.02,164.40,132.39,0.02
20230125091517627,2023-01-25 09:15:17,512.11,152.76,71.29,158.58,129.48,0.00
20230125091517832,2023-01-25 09:15:17,517.93,151.31,80.02,157.13,129.48,0.03
20230125091518054,2023-01-25 09:15:18,525.21,151.31,77.11,164.40,132.39,0.00
20230125091518275,2023-01-25 09:15:18,193.50,52.38,27.64,68.38,45.10,-0.01
20230125091518496,2023-01-25 09:15:18,37.83,7.27,4.36,18.91,7.27,0.01
20230125091518744,2023-01-25 09:15:18,0.00,0.00,-4.36,0.00,4.36,0.00
20230125091518968,2023-01-25 09:15:18,4.36,1.45,0.00,0.00,2.91,0.00
20230125091519188,2023-01-25 09:15:19,-2.91,-1.45,-2.91,1.45,0.00,0.01
20230125091519404,2023-01-25 09:15:19,2.91,-2.91,-1.45,7.27,0.00,-0.01
20230125091519619,2023-01-25 09:15:19,0.00,2.91,-4.36,0.00,1.45,-0.03
20230125091519841,2023-01-25 09:15:19,14.55,-1.45,0.00,7.27,8.73,-0.01
20230125091520093,2023-01-25 09:15:20,49.47,11.64,1.45,17.46,18.91,0.01
20230125091520343,2023-01-25 09:15:20,113.48,29.10,14.55,36.37,33.46,-0.02
20230125091520567,2023-01-25 09:15:20,203.68,55.28,27.64,69.83,50.92,0.05
20230125091520786,2023-01-25 09:15:20,299.70,88.75,40.74,90.20,80.02,-0.02
20230125091520980,2023-01-25 09:15:20,370.99,107.66,52.38,119.30,91.66,-0.03
20230125091521167,2023-01-25 09:15:21,440.82,123.66,64.01,136.76,116.39,0.00
20230125091521358,2023-01-25 09:15:21,468.47,136.76,74.20,139.67,117.84,-0.01
20230125091521550,2023-01-25 09:15:21,467.01,135.30,68.38,145.49,117.84,-0.01
20230125091521747,2023-01-25 09:15:21,462.65,136.76,66.92,139.67,119.30,-0.01
20230125091521999,2023-01-25 09:15:21,548.48,160.04,88.75,155.67,144.03,0.01
20230125091522320,2023-01-25 09:15:22,576.13,162.94,90.20,170.22,152.76,0.03
20230125091522645,2023-01-25 09:15:22,580.49,168.76,85.84,174.58,151.31,-0.01
20230125091522961,2023-01-25 09:15:22,580.49,165.85,93.11,174.58,146.94,0.02
20230125091523240,2023-01-25 09:15:23,581.95,170.22,88.75,174.58,148.40,0.04
20230125091523521,2023-01-25 09:15:23,565.94,168.76,90.20,161.49,145.49,0.03
20230125091523785,2023-01-25 09:15:23,570.31,162.94,82.93,176.04,148.40,-0.01
20230125091524084,2023-01-25 09:15:24,472.83,141.12,71.29,142.58,117.84,-0.01
20230125091524407,2023-01-25 09:15:24,138.21,39.28,14.55,50.92,33.46,0.03
20230125091524721,2023-01-25 09:15:24,27.64,5.82,2.91,11.64,7.27,0.03
20230125091525059,2023-01-25 09:15:25,7.27,4.36,0.00,1.45,1.45,-0.01
20230125091525326,2023-01-25 09:15:25,10.18,1.45,-2.91,8.73,2.91,0.00
20230125091525548,2023-01-25 09:15:25,11.64,2.91,1.45,8.73,-1.45,-0.02
20230125091525763,2023-01-25 09:15:25,7.27,4.36,-1.45,2.91,1.45,-0.02
20230125091525986,2023-01-25 09:15:25,2.91,1.45,-2.91,0.00,4.36,0.03
20230125091526241,2023-01-25 09:15:26,20.37,-1.45,-1.45,18.91,4.36,0.01
20230125091526491,2023-01-25 09:15:26,45.10,10.18,1.45,20.37,13.09,0.00
20230125091526741,2023-01-25 09:15:26,74.20,21.82,7.27,21.82,23.28,-0.02
20230125091526989,2023-01-25 09:15:26,174.58,53.83,24.73,52.38,43.65,0.03
20230125091527180,2023-01-25 09:15:27,295.34,91.66,40.74,87.29,75.65,0.00
20230125091527370,2023-01-25 09:15:27,443.73,129.48,65.47,129.48,119.30,0.02
20230125091527558,2023-01-25 09:15:27,640.14,183.31,101.84,187.68,167.31,0.01
20230125091527752,2023-01-25 09:15:27,794.36,224.05,128.03,237.14,205.14,0.00
20230125091527944,2023-01-25 09:15:27,811.81,232.78,132.39,241.51,205.14,-0.03
20230125091528155,2023-01-25 09:15:28,813.27,231.32,129.48,244.42,208.05,0.01
20230125091528380,2023-01-25 09:15:28,810.36,232.78,129.48,244.42,203.68,0.01
20230125091528598,2023-01-25 09:15:28,811.81,231.32,130.94,245.87,203.68,0.01
20230125091528819,2023-01-25 09:15:28,789.99,232.78,125.12,229.87,202.23,0.00
20230125091529040,2023-01-25 09:15:29,807.45,232.78,130.94,241.51,202.23,0.01
20230125091529227,2023-01-25 09:15:29,797.27,231.32,123.66,241.51,200.77,0.03
20230125091529420,2023-01-25 09:15:29,804.54,229.87,130.94,244.42,199.32,0.01
20230125091529608,2023-01-25 09:15:29,285.15,77.11,34.92,106.21,66.92,0.01
20230125091529795,2023-01-25 09:15:29,50.92,8.73,4.36,29.10,8.73,-0.02
20230125091530012,2023-01-25 09:15:29,7.27,2.91,-1.45,1.45,4.36,0.02
20230125091530260,2023-01-25 09:15:30,1.45,1.45,-4.36,0.00,4.36,0.03
20230125091530513,2023-01-25 09:15:30,10.18,2.91,2.91,2.91,1.45,0.02
20230125091530764,2023-01-25 09:15:30,16.00,4.36,2.91,7.27,1.45,0.02
20230125091531015,2023-01-25 09:15:31,4.36,2.91,0.00,0.00,1.45,-0.01
20230125091531238,2023-01-25 09:15:31,20.37,2.91,2.91,8.73,5.82,-0.01
20230125091531459,2023-01-25 09:15:31,53.83,8.73,7.27,24.73,13.09,-0.01
20230125091531681,2023-01-25 09:15:31,110.57,26.19,16.00,40.74,27.64,0.01
20230125091531870,2023-01-25 09:15:31,171.67,46.56,27.64,50.92,46.56,0.04
20230125091532058,2023-01-25 09:15:32,237.14,77.11,27.64,66.92,65.47,0.00
20230125091532274,2023-01-25 09:15:32,392.81,113.48,56.74,123.66,98.93,0.01
20230125091532506,2023-01-25 09:15:32,517.93,146.94,80.02,158.58,132.39,-0.03
20230125091532726,2023-01-25 09:15:32,643.05,181.86,101.84,192.04,167.31,0.01
20230125091532944,2023-01-25 09:15:32,743.44,216.77,125.12,210.96,190.59,0.02
20230125091533166,2023-01-25 09:15:33,757.98,218.23,123.66,225.50,190.59,0.01
20230125091533353,2023-01-25 09:15:33,763.80,219.68,119.30,232.78,192.04,0.00
20230125091533545,2023-01-25 09:15:33,760.89,216.77,120.75,234.23,189.13,0.01
20230125091533739,2023-01-25 09:15:33,743.44,216.77,117.84,216.77,192.04,0.02
20230125091533933,2023-01-25 09:15:33,759.44,224.05,120.75,224.05,190.59,0.01
20230125091534123,2023-01-25 09:15:34,523.75,158.58,78.56,155.67,130.94,-0.01
20230125091534339,2023-01-25 09:15:34,87.29,21.82,14.55,32.01,18.91,0.01
20230125091534558,2023-01-25 09:15:34,24.73,2.91,0.00,20.37,1.45,0.00
20230125091534813,2023-01-25 09:15:34,11.64,-1.45,-4.36,13.09,4.36,-0.01
20230125091535067,2023-01-25 09:15:35,-5.82,-2.91,-2.91,0.00,0.00,-0.01
20230125091535299,2023-01-25 09:15:35,27.64,1.45,4.36,18.91,2.91,0.01
20230125091535607,2023-01-25 09:15:35,11.64,1.45,-1.45,10.18,1.45,0.01
20230125091535921,2023-01-25 09:15:35,0.00,4.36,-4.36,0.00,0.00,0.03
20230125091536254,2023-01-25 09:15:36,18.91,0.00,-4.36,17.46,5.82,0.00
20230125091536632,2023-01-25 09:15:36,53.83,14.55,4.36,18.91,16.00,0.00
20230125091537004,2023-01-25 09:15:36,113.48,33.46,14.55,34.92,30.55,0.01
20230125091537308,2023-01-25 09:15:37,199.32,64.01,23.28,56.74,55.28,-0.01
20230125091537579,2023-01-25 09:15:37,338.98,98.93,50.92,103.30,85.84,0.01
20230125091537858,2023-01-25 09:15:37,467.01,138.21,62.56,141.12,125.12,-0.01
20230125091538128,2023-01-25 09:15:38,659.05,183.31,106.21,193.50,176.04,0.00
20230125091538444,2023-01-25 09:15:38,701.25,194.95,112.02,212.41,181.86,-0.01
20230125091538699,2023-01-25 09:15:38,709.97,200.77,113.48,213.87,181.86,-0.01
20230125091538918,2023-01-25 09:15:38,696.88,202.23,110.57,203.68,180.40,0.03
20230125091539134,2023-01-25 09:15:39,698.34,202.23,113.48,205.14,177.49,0.00
20230125091539342,2023-01-25 09:15:39,689.61,197.86,112.02,203.68,176.04,-0.01
20230125091539531,2023-01-25 09:15:39,692.52,197.86,110.57,208.05,176.04,-0.02
20230125091539718,2023-01-25 09:15:39,702.70,200.77,110.57,215.32,176.04,-0.01
20230125091539907,2023-01-25 09:15:39,688.15,199.32,106.21,205.14,177.49,0.00
20230125091540093,2023-01-25 09:15:40,688.15,196.41,110.57,205.14,176.04,0.01
20230125091540280,2023-01-25 09:15:40,682.33,196.41,110.57,200.77,174.58,0.01
20230125091540494,2023-01-25 09:15:40,680.88,199.32,109.11,194.95,177.49,0.00
20230125091540710,2023-01-25 09:15:40,685.24,200.77,106.21,199.32,178.95,0.00
20230125091540931,2023-01-25 09:15:40,689.61,196.41,107.66,209.50,176.04,-0.01
20230125091541150,2023-01-25 09:15:41,677.97,196.41,110.57,194.95,176.04,-0.01
20230125091541364,2023-01-25 09:15:41,651.78,189.13,106.21,196.41,160.04,0.01
20230125091541554,2023-01-25 09:15:41,122.21,30.55,16.00,43.65,32.01,-0.01
20230125091541748,2023-01-25 09:15:41,29.10,1.45,1.45,23.28,2.91,-0.01
20230125091541965,2023-01-25 09:15:41,16.00,2.91,-4.36,14.55,2.91,-0.01
20230125091542183,2023-01-25 09:15:42,16.00,4.36,-4.36,16.00,0.00,0.01
20230125091542414,2023-01-25 09:15:42,-5.82,-2.91,-4.36,0.00,1.45,0.01
20230125091542672,2023-01-25 09:15:42,20.37,5.82,2.91,7.27,4.36,0.01
20230125091542923,2023-01-25 09:15:42,59.65,17.46,5.82,21.82,14.55,-0.01
20230125091543180,2023-01-25 09:15:43,123.66,33.46,10.18,50.92,29.10,-0.01
20230125091543400,2023-01-25 09:15:43,213.87,61.10,26.19,75.65,50.92,0.03
20230125091543596,2023-01-25 09:15:43,298.25,93.11,43.65,87.29,74.20,-0.02
20230125091543787,2023-01-25 09:15:43,398.63,119.30,59.65,126.57,93.11,-0.02
20230125091543978,2023-01-25 09:15:43,484.47,146.94,66.92,151.31,119.30,0.01
20230125091544170,2023-01-25 09:15:44,500.47,145.49,72.74,160.04,122.21,-0.02
20230125091544369,2023-01-25 09:15:44,491.74,148.40,72.74,145.49,125.12,-0.04
20230125091544586,2023-01-25 09:15:44,490.29,145.49,74.20,151.31,119.30,0.00
20230125091544811,2023-01-25 09:15:44,484.47,149.85,65.47,149.85,119.30,-0.02
20230125091545038,2023-01-25 09:15:45,497.56,144.03,72.74,157.13,123.66,-0.02
20230125091545260,2023-01-25 09:15:45,539.76,157.13,78.56,171.67,132.39,0.01
20230125091545467,2023-01-25 09:15:45,532.48,154.22,81.47,162.94,133.85,-0.01
20230125091545653,2023-01-25 09:15:45,542.66,160.04,75.65,174.58,132.39,-0.01
20230125091545845,2023-01-25 09:15:45,522.30,155.67,74.20,160.04,132.39,-0.01
20230125091546032,2023-01-25 09:15:46,523.75,160.04,82.93,152.76,128.03,-0.01
20230125091546219,2023-01-25 09:15:46,525.21,155.67,75.65,165.85,128.03,-0.01
20230125091546415,2023-01-25 09:15:46,145.49,36.37,18.91,62.56,27.64,0.03
20230125091546635,2023-01-25 09:15:46,2.91,4.36,-2.91,0.00,1.45,0.00
20230125091546888,2023-01-25 09:15:46,11.64,-1.45,-2.91,16.00,0.00,0.00
20230125091547140,2023-01-25 09:15:47,17.46,2.91,0.00,11.64,2.91,-0.01
20230125091547392,2023-01-25 09:15:47,18.91,0.00,0.00,17.46,1.45,0.00
20230125091547618,2023-01-25 09:15:47,1.45,-1.45,0.00,2.91,0.00,0.01
20230125091547837,2023-01-25 09:15:47,17.46,4.36,-1.45,11.64,2.91,0.00
20230125091548060,2023-01-25 09:15:48,11.64,-1.45,1.45,10.18,1.45,0.00
20230125091548275,2023-01-25 09:15:48,14.55,-1.45,-2.91,16.00,2.91,0.03
20230125091548504,2023-01-25 09:15:48,33.46,4.36,1.45,20.37,7.27,-0.01
20230125091548779,2023-01-25 09:15:48,21.82,7.27,1.45,1.45,11.64,-0.01
20230125091549142,2023-01-25 09:15:49,30.55,5.82,2.91,10.18,11.64,-0.01
20230125091549516,2023-01-25 09:15:49,34.92,7.27,1.45,20.37,5.82,0.00
20230125091549843,2023-01-25 09:15:49,34.92,5.82,-1.45,20.37,10.18,-0.02
20230125091550150,2023-01-25 09:15:50,30.55,7.27,1.45,11.64,10.18,0.02
20230125091550474,2023-01-25 09:15:50,33.46,7.27,2.91,16.00,7.27,-0.01
20230125091550830,2023-01-25 09:15:50,24.73,8.73,0.00,7.27,8.73,0.03
20230125091551193,2023-01-25 09:15:51,26.19,2.91,-2.91,16.00,10.18,0.00
20230125091551569,2023-01-25 09:15:51,23.28,4.36,0.00,11.64,7.27,0.04
20230125091551870,2023-01-25 09:15:51,32.01,5.82,4.36,13.09,8.73,0.02
20230125091552148,2023-01-25 09:15:52,23.28,8.73,2.91,4.36,7.27,-0.02
20230125091552364,2023-01-25 09:15:52,17.46,2.91,5.82,0.00,8.73,0.00
20230125091552580,2023-01-25 09:15:52,30.55,5.82,0.00,16.00,8.73,-0.01
20230125091552831,2023-01-25 09:15:52,20.37,2.91,0.00,11.64,5.82,0.00
20230125091553084,2023-01-25 09:15:53,14.55,5.82,1.45,1.45,5.82,0.01
20230125091553334,2023-01-25 09:15:53,39.28,10.18,0.00,23.28,5.82,0.01
20230125091553598,2023-01-25 09:15:53,18.91,4.36,1.45,5.82,7.27,0.00
20230125091553812,2023-01-25 09:15:53,33.46,2.91,4.36,14.55,11.64,0.01
20230125091554028,2023-01-25 09:15:54,21.82,4.36,1.45,10.18,5.82,0.00
20230125091554245,2023-01-25 09:15:54,34.92,4.36,4.36,17.46,8.73,0.01
20230125091554459,2023-01-25 09:15:54,30.55,7.27,2.91,11.64,8.73,0.00
20230125091554687,2023-01-25 09:15:54,39.28,10.18,1.45,21.82,5.82,0.01
20230125091554936,2023-01-25 09:15:54,17.46,7.27,-1.45,4.36,7.27,-0.01
20230125091555188,2023-01-25 09:15:55,40.74,7.27,4.36,23.28,5.82,-0.01
20230125091555436,2023-01-25 09:15:55,13.09,2.91,-1.45,1.45,10.18,-0.03
20230125091555685,2023-01-25 09:15:55,21.82,2.91,4.36,5.82,8.73,0.01
20230125091555903,2023-01-25 09:15:55,33.46,4.36,0.00,18.91,10.18,0.01
20230125091556119,2023-01-25 09:15:56,18.91,8.73,-4.36,8.73,5.82,0.01
20230125091556334,2023-01-25 09:15:56,33.46,7.27,-1.45,21.82,5.82,-0.01
20230125091556551,2023-01-25 09:15:56,36.37,7.27,1.45,17.46,10.18,-0.01
20230125091556787,2023-01-25 09:15:56,24.73,5.82,-2.91,16.00,5.82,0.00
20230125091557036,2023-01-25 09:15:57,8.73,4.36,-4.36,1.45,7.27,-0.02
20230125091557283,2023-01-25 09:15:57,18.91,10.18,-2.91,2.91,8.73,-0.01
20230125091557532,2023-01-25 09:15:57,39.28,7.27,4.36,17.46,10.18,0.01
20230125091557776,2023-01-25 09:15:57,39.28,7.27,4.36,23.28,4.36,-0.01
20230125091557993,2023-01-25 09:15:57,23.28,5.82,-2.91,8.73,11.64,-0.01
20230125091558324,2023-01-25 09:15:58,32.01,5.82,-4.36,21.82,8.73,-0.01
20230125091558540,2023-01-25 09:15:58,18.91,5.82,-1.45,7.27,7.27,0.02
20230125091558770,2023-01-25 09:15:58,33.46,8.73,-1.45,16.00,10.18,0.01
20230125091559018,2023-01-25 09:15:59,42.19,4.36,2.91,24.73,10.18,-0.02
20230125091559273,2023-01-25 09:15:59,30.55,11.64,0.00,13.09,5.82,0.01
20230125092602554,2023-01-25 09:26:02,136.76,42.19,23.28,36.37,34.92,-0.01
20230125092602747,2023-01-25 09:26:02,244.42,65.47,39.28,74.20,65.47,-0.01
20230125092602957,2023-01-25 09:26:02,343.35,104.75,58.19,87.29,93.11,-0.01
20230125092603179,2023-01-25 09:26:03,455.37,135.30,80.02,114.93,125.12,-0.05
20230125092603396,2023-01-25 09:26:03,568.85,173.13,94.57,152.76,148.40,0.01
20230125092603619,2023-01-25 09:26:03,638.69,189.13,106.21,174.58,168.76,0.01
20230125092603837,2023-01-25 09:26:03,653.23,193.50,104.75,186.22,168.76,0.05
20230125092604036,2023-01-25 09:26:04,640.14,196.41,109.11,170.22,164.40,0.02
20230125092604224,2023-01-25 09:26:04,629.96,192.04,97.48,178.95,161.49,-0.03
20230125092604415,2023-01-25 09:26:04,647.42,189.13,103.30,194.95,160.04,-0.01
20230125092604608,2023-01-25 09:26:04,628.50,187.68,106.21,168.76,165.85,0.00
20230125092604796,2023-01-25 09:26:04,616.86,186.22,96.02,171.67,162.94,-0.04
20230125092604994,2023-01-25 09:26:04,627.05,194.95,97.48,173.13,161.49,0.01
20230125092605216,2023-01-25 09:26:05,187.68,53.83,27.64,58.19,48.01,0.00
20230125092605434,2023-01-25 09:26:05,16.00,1.45,8.73,1.45,4.36,0.01
20230125092605690,2023-01-25 09:26:05,-8.73,-2.91,4.36,-5.82,-4.36,0.00
20230125092605939,2023-01-25 09:26:05,-13.09,-4.36,4.36,-10.18,-2.91,0.02
20230125092606162,2023-01-25 09:26:06,-1.45,0.00,2.91,-2.91,-1.45,0.02
20230125092606377,2023-01-25 09:26:06,42.19,13.09,5.82,8.73,14.55,-0.03
20230125092606596,2023-01-25 09:26:06,130.94,40.74,20.37,32.01,37.83,0.01
20230125092606790,2023-01-25 09:26:06,240.05,74.20,34.92,65.47,65.47,-0.01
20230125092606985,2023-01-25 09:26:06,439.37,135.30,72.74,113.48,117.84,-0.03
20230125092607319,2023-01-25 09:26:07,596.49,176.04,97.48,165.85,157.13,-0.02
20230125092607654,2023-01-25 09:26:07,715.79,203.68,123.66,203.68,184.77,0.03
20230125092607991,2023-01-25 09:26:07,779.81,228.41,135.30,216.77,199.32,0.01
20230125092608286,2023-01-25 09:26:08,782.72,225.50,132.39,226.96,197.86,-0.01
20230125092608555,2023-01-25 09:26:08,768.17,219.68,130.94,219.68,197.86,-0.01
20230125092608840,2023-01-25 09:26:08,778.35,228.41,136.76,216.77,196.41,-0.03
20230125092609141,2023-01-25 09:26:09,760.89,216.77,129.48,221.14,193.50,0.02
20230125092609474,2023-01-25 09:26:09,755.08,219.68,129.48,215.32,190.59,-0.03
20230125092609794,2023-01-25 09:26:09,717.25,218.23,119.30,200.77,178.95,0.01
20230125092610117,2023-01-25 09:26:10,190.59,50.92,32.01,61.10,46.56,0.00
20230125092610352,2023-01-25 09:26:10,1.45,1.45,8.73,-8.73,0.00,0.01
20230125092610572,2023-01-25 09:26:10,0.00,1.45,2.91,-4.36,0.00,0.02
20230125092610793,2023-01-25 09:26:10,-17.46,0.00,2.91,-16.00,-4.36,0.02
20230125092611014,2023-01-25 09:26:10,-26.19,-2.91,-1.45,-16.00,-5.82,-0.01
20230125092611258,2023-01-25 09:26:11,-21.82,-2.91,1.45,-16.00,-4.36,-0.01
20230125092611511,2023-01-25 09:26:11,26.19,5.82,2.91,8.73,8.73,0.01
20230125092611770,2023-01-25 09:26:11,104.75,24.73,17.46,33.46,29.10,-0.02
20230125092612000,2023-01-25 09:26:11,192.04,55.28,34.92,49.47,52.38,0.03
20230125092612201,2023-01-25 09:26:12,372.45,110.57,58.19,112.02,91.66,0.01
20230125092612388,2023-01-25 09:26:12,541.21,158.58,85.84,154.22,142.58,0.01
20230125092612575,2023-01-25 09:26:12,686.70,196.41,114.93,192.04,183.31,-0.01
20230125092612765,2023-01-25 09:26:12,755.08,206.59,128.03,229.87,190.59,0.04
20230125092612961,2023-01-25 09:26:12,724.52,206.59,123.66,203.68,190.59,-0.01
20230125092613162,2023-01-25 09:26:13,747.80,206.59,126.57,222.59,192.04,0.03
20230125092613387,2023-01-25 09:26:13,737.62,206.59,128.03,210.96,192.04,0.01
20230125092613603,2023-01-25 09:26:13,727.43,206.59,120.75,209.50,190.59,-0.01
20230125092613820,2023-01-25 09:26:13,730.34,208.05,125.12,210.96,186.22,0.01
20230125092614048,2023-01-25 09:26:14,632.87,183.31,100.39,192.04,157.13,0.03
20230125092614246,2023-01-25 09:26:14,128.03,32.01,21.82,40.74,33.46,0.01
20230125092614434,2023-01-25 09:26:14,11.64,5.82,8.73,-7.27,4.36,0.01
20230125092614656,2023-01-25 09:26:14,-18.91,-4.36,5.82,-16.00,-4.36,0.00
20230125092614878,2023-01-25 09:26:14,-17.46,-7.27,-1.45,-7.27,-1.45,0.01
20230125092615092,2023-01-25 09:26:15,-10.18,-4.36,0.00,-2.91,-2.91,0.00
20230125092615336,2023-01-25 09:26:15,1.45,-1.45,2.91,-2.91,2.91,0.02
20230125092615597,2023-01-25 09:26:15,93.11,29.10,17.46,23.28,23.28,0.01
20230125092615816,2023-01-25 09:26:15,186.22,61.10,36.37,40.74,48.01,-0.03
20230125092616037,2023-01-25 09:26:16,350.62,98.93,58.19,103.30,90.20,-0.01
20230125092616243,2023-01-25 09:26:16,504.84,155.67,82.93,133.85,132.39,0.03
20230125092616433,2023-01-25 09:26:16,696.88,196.41,123.66,192.04,184.77,0.01
20230125092616622,2023-01-25 09:26:16,865.64,241.51,151.31,245.87,226.96,0.02
20230125092616820,2023-01-25 09:26:16,912.20,256.06,158.58,264.79,232.78,-0.01
20230125092617006,2023-01-25 09:26:16,923.84,256.06,162.94,269.15,235.69,-0.01
20230125092617196,2023-01-25 09:26:17,904.93,253.15,158.58,263.33,229.87,0.01
20230125092617411,2023-01-25 09:26:17,912.20,253.15,161.49,267.70,229.87,-0.01
20230125092617629,2023-01-25 09:26:17,919.47,248.78,164.40,276.42,229.87,0.01
20230125092617846,2023-01-25 09:26:17,897.65,248.78,160.04,260.42,228.41,-0.01
20230125092618078,2023-01-25 09:26:18,888.92,247.33,157.13,256.06,228.41,-0.02
20230125092618287,2023-01-25 09:26:18,354.99,100.39,53.83,119.30,81.47,0.01
20230125092618478,2023-01-25 09:26:18,46.56,11.64,10.18,14.55,10.18,0.01
20230125092618699,2023-01-25 09:26:18,-2.91,-4.36,2.91,-1.45,0.00,0.02
20230125092618918,2023-01-25 09:26:18,-11.64,0.00,7.27,-14.55,-4.36,-0.01
20230125092619136,2023-01-25 09:26:19,-2.91,1.45,4.36,-5.82,-2.91,0.00
20230125092619368,2023-01-25 09:26:19,-21.82,-2.91,1.45,-16.00,-4.36,-0.01
20230125092619621,2023-01-25 09:26:19,-8.73,0.00,2.91,-16.00,4.36,0.02
20230125092619875,2023-01-25 09:26:19,53.83,18.91,13.09,5.82,16.00,0.01
20230125092620128,2023-01-25 09:26:20,136.76,39.28,20.37,45.10,32.01,-0.01
20230125092620345,2023-01-25 09:26:20,224.05,65.47,36.37,61.10,61.10,-0.04
20230125092620608,2023-01-25 09:26:20,369.54,106.21,64.01,98.93,100.39,0.01
20230125092620879,2023-01-25 09:26:20,513.57,149.85,84.38,144.03,135.30,0.05
20230125092621140,2023-01-25 09:26:21,593.59,170.22,100.39,161.49,161.49,0.00
20230125092621436,2023-01-25 09:26:21,677.97,194.95,103.30,202.23,177.49,0.01
20230125092621780,2023-01-25 09:26:21,692.52,196.41,112.02,208.05,176.04,-0.02
20230125092622100,2023-01-25 09:26:22,667.78,194.95,109.11,187.68,176.04,-0.03
20230125092622413,2023-01-25 09:26:22,689.61,199.32,113.48,202.23,174.58,-0.02
20230125092622670,2023-01-25 09:26:22,688.15,199.32,110.57,202.23,176.04,-0.04
20230125092622951,2023-01-25 09:26:22,667.78,193.50,109.11,186.22,178.95,0.04
20230125092623222,2023-01-25 09:26:23,606.68,183.31,96.02,171.67,155.67,-0.02
20230125092623538,2023-01-25 09:26:23,120.75,34.92,20.37,40.74,24.73,-0.01
20230125092623816,2023-01-25 09:26:23,11.64,-2.91,5.82,7.27,1.45,-0.01
20230125092624073,2023-01-25 09:26:24,-20.37,-5.82,1.45,-14.55,-1.45,0.01
20230125092624326,2023-01-25 09:26:24,-13.09,-4.36,2.91,-5.82,-5.82,0.01
20230125092624551,2023-01-25 09:26:24,-13.09,-4.36,2.91,-7.27,-4.36,0.03
20230125092624768,2023-01-25 09:26:24,11.64,4.36,4.36,0.00,2.91,0.02
20230125092624991,2023-01-25 09:26:24,55.28,14.55,16.00,2.91,21.82,-0.01
20230125092625213,2023-01-25 09:26:25,167.31,52.38,23.28,50.92,40.74,0.01
20230125092625413,2023-01-25 09:26:25,299.70,88.75,46.56,88.75,75.65,-0.03
20230125092625630,2023-01-25 09:26:25,427.73,128.03,62.56,122.21,114.93,-0.02
20230125092625853,2023-01-25 09:26:25,531.03,155.67,81.47,149.85,144.03,0.01
20230125092626070,2023-01-25 09:26:26,666.33,183.31,107.66,200.77,174.58,-0.05
20230125092626287,2023-01-25 09:26:26,672.15,183.31,112.02,200.77,176.04,0.01
20230125092626491,2023-01-25 09:26:26,672.15,192.04,116.39,189.13,174.58,0.00
20230125092626678,2023-01-25 09:26:26,680.88,189.13,113.48,203.68,174.58,0.00
20230125092626874,2023-01-25 09:26:26,673.60,183.31,110.57,205.14,174.58,0.03
20230125092627062,2023-01-25 09:26:27,672.15,192.04,106.21,199.32,174.58,-0.01
20230125092627251,2023-01-25 09:26:27,644.51,183.31,106.21,178.95,176.04,0.00
20230125092627438,2023-01-25 09:26:27,661.96,187.68,116.39,186.22,171.67,-0.02
20230125092627654,2023-01-25 09:26:27,664.87,186.22,104.75,202.23,171.67,0.01
20230125092627870,2023-01-25 09:26:27,149.85,45.10,26.19,40.74,37.83,-0.02
20230125092628086,2023-01-25 09:26:28,8.73,0.00,4.36,1.45,2.91,0.00
20230125092628340,2023-01-25 09:26:28,-18.91,2.91,0.00,-16.00,-5.82,0.01
20230125092628571,2023-01-25 09:26:28,-16.00,-5.82,5.82,-14.55,-1.45,0.02
20230125092628793,2023-01-25 09:26:28,-13.09,-2.91,1.45,-11.64,0.00,-0.01
20230125092629014,2023-01-25 09:26:29,-11.64,0.00,4.36,-10.18,-5.82,0.03
20230125092629231,2023-01-25 09:26:29,-10.18,4.36,1.45,-16.00,0.00,-0.03
20230125092629450,2023-01-25 09:26:29,50.92,17.46,11.64,7.27,14.55,-0.04
20230125092629696,2023-01-25 09:26:29,144.03,43.65,20.37,39.28,40.74,-0.03
20230125092629921,2023-01-25 09:26:29,283.70,84.38,40.74,84.38,74.20,0.00
20230125092630138,2023-01-25 09:26:30,334.62,97.48,50.92,97.48,88.75,0.01
20230125092630355,2023-01-25 09:26:30,397.18,119.30,68.38,104.75,104.75,-0.05
20230125092630572,2023-01-25 09:26:30,477.20,139.67,75.65,135.30,126.57,0.01
20230125092630761,2023-01-25 09:26:30,494.65,151.31,78.56,130.94,133.85,0.02
20230125092630951,2023-01-25 09:26:30,574.67,168.76,91.66,162.94,151.31,-0.02
20230125092631153,2023-01-25 09:26:31,592.13,170.22,97.48,168.76,155.67,-0.03
20230125092631348,2023-01-25 09:26:31,574.67,173.13,93.11,157.13,151.31,0.03
20230125092631537,2023-01-25 09:26:31,587.77,162.94,97.48,171.67,155.67,-0.01
20230125092631759,2023-01-25 09:26:31,576.13,171.67,94.57,158.58,151.31,0.01
20230125092631975,2023-01-25 09:26:31,586.31,168.76,93.11,174.58,149.85,0.03
20230125092632195,2023-01-25 09:26:32,580.49,167.31,91.66,170.22,151.31,0.04
20230125092632414,2023-01-25 09:26:32,584.86,165.85,90.20,177.49,151.31,-0.01
20230125092632630,2023-01-25 09:26:32,568.85,170.22,91.66,155.67,151.31,-0.03
20230125092632818,2023-01-25 09:26:32,590.68,173.13,96.02,168.76,152.76,0.00
20230125092633011,2023-01-25 09:26:32,333.16,98.93,52.38,97.48,84.38,0.03
20230125092633197,2023-01-25 09:26:33,32.01,11.64,10.18,2.91,7.27,-0.03
20230125092633423,2023-01-25 09:26:33,-13.09,1.45,1.45,-11.64,-4.36,-0.01
20230125092633654,2023-01-25 09:26:33,-16.00,-7.27,1.45,-8.73,-1.45,0.01
20230125092633934,2023-01-25 09:26:33,-13.09,-1.45,-2.91,-5.82,-2.91,-0.01
20230125092634291,2023-01-25 09:26:34,-23.28,-5.82,2.91,-16.00,-4.36,0.03
20230125092634663,2023-01-25 09:26:34,-23.28,0.00,0.00,-16.00,-7.27,-0.01
20230125092634979,2023-01-25 09:26:34,-21.82,-2.91,0.00,-16.00,-2.91,-0.01
20230125092635291,2023-01-25 09:26:35,-18.91,1.45,-2.91,-14.55,-2.91,-0.02
20230125092635617,2023-01-25 09:26:35,-10.18,-5.82,4.36,-7.27,-1.45,0.03
20230125092635983,2023-01-25 09:26:35,-10.18,-5.82,5.82,-5.82,-4.36,-0.02
20230125092636363,2023-01-25 09:26:36,-11.64,-2.91,0.00,-2.91,-5.82,0.02
20230125092636723,2023-01-25 09:26:36,-17.46,-2.91,2.91,-10.18,-7.27,-0.01
20230125092637046,2023-01-25 09:26:37,-7.27,2.91,0.00,-7.27,-2.91,0.01
20230125092637287,2023-01-25 09:26:37,-11.64,-5.82,0.00,-4.36,-1.45,0.01
20230125092637504,2023-01-25 09:26:37,-24.73,-4.36,2.91,-16.00,-7.27,0.01
20230125092637731,2023-01-25 09:26:37,-18.91,-1.45,1.45,-16.00,-2.91,0.01
20230125092637993,2023-01-25 09:26:37,-14.55,-5.82,0.00,-1.45,-7.27,-0.03
20230125092638246,2023-01-25 09:26:38,-10.18,-2.91,-2.91,-1.45,-2.91,-0.01
20230125092638502,2023-01-25 09:26:38,-17.46,-5.82,-1.45,-2.91,-7.27,-0.01
20230125092638751,2023-01-25 09:26:38,-26.19,-5.82,0.00,-14.55,-5.82,0.01
20230125092638972,2023-01-25 09:26:38,-23.28,2.91,-2.91,-16.00,-7.27,0.02
20230125092639191,2023-01-25 09:26:39,-17.46,-2.91,2.91,-16.00,-1.45,-0.01
20230125092639408,2023-01-25 09:26:39,-23.28,-4.36,1.45,-16.00,-4.36,0.02
20230125092639625,2023-01-25 09:26:39,-30.55,-7.27,-2.91,-16.00,-4.36,0.03
20230125092639863,2023-01-25 09:26:39,-20.37,-4.36,0.00,-8.73,-7.27,0.01
20230125092640115,2023-01-25 09:26:40,-5.82,-2.91,1.45,-1.45,-2.91,0.00
20230125092640371,2023-01-25 09:26:40,-26.19,0.00,-2.91,-16.00,-7.27,-0.01
20230125092640623,2023-01-25 09:26:40,-21.82,0.00,0.00,-16.00,-5.82,0.02
20230125092640856,2023-01-25 09:26:40,-16.00,1.45,0.00,-16.00,-1.45,0.01
20230125092641071,2023-01-25 09:26:41,-11.64,-7.27,-1.45,0.00,-2.91,0.01
20230125092641292,2023-01-25 09:26:41,-14.55,-7.27,0.00,-1.45,-5.82,0.00
20230125092641508,2023-01-25 09:26:41,-26.19,-5.82,-2.91,-11.64,-5.82,0.01
20230125092641730,2023-01-25 09:26:41,-27.64,-5.82,-1.45,-16.00,-4.36,-0.01
20230125092641977,2023-01-25 09:26:41,-26.19,-7.27,1.45,-16.00,-4.36,-0.02
20230125092642235,2023-01-25 09:26:42,-7.27,-4.36,0.00,0.00,-2.91,0.00
20230125092642487,2023-01-25 09:26:42,-16.00,-5.82,-1.45,-1.45,-7.27,-0.01
20230125092642747,2023-01-25 09:26:42,1.45,0.00,1.45,2.91,-2.91,0.01
20230125092642971,2023-01-25 09:26:42,-27.64,-7.27,1.45,-16.00,-5.82,0.00
20230125092643199,2023-01-25 09:26:43,-11.64,-2.91,2.91,-8.73,-2.91,0.00
20230125092643426,2023-01-25 09:26:43,-16.00,-1.45,2.91,-11.64,-5.82,0.01
20230125092643650,2023-01-25 09:26:43,-4.36,0.00,0.00,-2.91,-1.45,0.02
20230125092643872,2023-01-25 09:26:43,-27.64,-1.45,-2.91,-16.00,-7.27,0.00
20230125092644131,2023-01-25 09:26:44,-7.27,-1.45,2.91,-1.45,-7.27,0.01
20230125092644379,2023-01-25 09:26:44,-5.82,-1.45,0.00,0.00,-4.36,-0.01
20230125092644634,2023-01-25 09:26:44,-10.18,-2.91,0.00,-7.27,0.00,-0.01
20230125092644882,2023-01-25 09:26:44,-14.55,-2.91,2.91,-7.27,-7.27,0.02
20230125092645112,2023-01-25 09:26:45,-24.73,-5.82,-1.45,-16.00,-1.45,-0.01
20230125092645329,2023-01-25 09:26:45,-20.37,-1.45,0.00,-16.00,-2.91,0.00
20230125092645544,2023-01-25 09:26:45,-24.73,-1.45,-2.91,-16.00,-4.36,0.01
20230125092645761,2023-01-25 09:26:45,-20.37,-7.27,1.45,-10.18,-4.36,0.01
20230125095301238,2023-01-25 09:53:01,125.12,30.55,18.91,32.01,43.65,0.01
20230125095301561,2023-01-25 09:53:01,234.23,65.47,33.46,64.01,71.29,-0.02
20230125095301870,2023-01-25 09:53:01,341.89,100.39,52.38,87.29,101.84,-0.01
20230125095302135,2023-01-25 09:53:02,467.01,125.12,75.65,125.12,141.12,0.04
20230125095302419,2023-01-25 09:53:02,612.50,168.76,93.11,170.22,180.40,-0.03
20230125095302684,2023-01-25 09:53:02,622.68,173.13,100.39,167.31,181.86,-0.02
20230125095302971,2023-01-25 09:53:02,654.69,177.49,103.30,178.95,194.95,-0.01
20230125095303222,2023-01-25 09:53:03,714.34,190.59,112.02,203.68,208.05,-0.02
20230125095303441,2023-01-25 09:53:03,725.98,192.04,110.57,215.32,208.05,0.01
20230125095303657,2023-01-25 09:53:03,701.25,192.04,110.57,192.04,206.59,-0.01
20230125095303873,2023-01-25 09:53:03,474.29,133.85,69.83,142.58,128.03,0.03
20230125095304064,2023-01-25 09:53:04,65.47,14.55,13.09,26.19,11.64,-0.03
20230125095304284,2023-01-25 09:53:04,-1.45,-1.45,0.00,5.82,-5.82,0.01
20230125095304501,2023-01-25 09:53:04,-5.82,-7.27,1.45,1.45,-1.45,-0.01
20230125095304728,2023-01-25 09:53:04,-20.37,0.00,0.00,-16.00,-4.36,0.00
20230125095304961,2023-01-25 09:53:04,-10.18,4.36,-1.45,-13.09,0.00,0.01
20230125095305218,2023-01-25 09:53:05,50.92,14.55,5.82,14.55,16.00,-0.03
20230125095305474,2023-01-25 09:53:05,112.02,30.55,13.09,30.55,37.83,0.01
20230125095305703,2023-01-25 09:53:05,222.59,71.29,32.01,52.38,66.92,-0.03
20230125095305928,2023-01-25 09:53:05,340.44,96.02,55.28,88.75,100.39,0.03
20230125095306127,2023-01-25 09:53:06,516.48,145.49,84.38,133.85,152.76,0.03
20230125095306328,2023-01-25 09:53:06,682.33,183.31,112.02,194.95,192.04,-0.01
20230125095306540,2023-01-25 09:53:06,688.15,187.68,112.02,193.50,194.95,-0.02
20230125095306728,2023-01-25 09:53:06,691.06,186.22,110.57,202.23,192.04,0.01
20230125095306923,2023-01-25 09:53:06,692.52,186.22,113.48,203.68,189.13,0.03
20230125095307154,2023-01-25 09:53:07,683.79,190.59,109.11,192.04,192.04,0.03
20230125095307375,2023-01-25 09:53:07,682.33,192.04,109.11,194.95,186.22,0.00
20230125095307596,2023-01-25 09:53:07,680.88,190.59,112.02,192.04,186.22,-0.02
20230125095307813,2023-01-25 09:53:07,321.53,93.11,46.56,91.66,90.20,-0.01
20230125095308030,2023-01-25 09:53:08,16.00,4.36,4.36,4.36,2.91,-0.01
20230125095308249,2023-01-25 09:53:08,-24.73,-2.91,-1.45,-16.00,-4.36,-0.01
20230125095308479,2023-01-25 09:53:08,-20.37,0.00,0.00,-14.55,-5.82,0.03
20230125095308698,2023-01-25 09:53:08,-18.91,1.45,1.45,-16.00,-5.82,-0.01
20230125095308916,2023-01-25 09:53:08,-29.10,-5.82,-1.45,-16.00,-5.82,0.03
20230125095309164,2023-01-25 09:53:09,-4.36,-1.45,2.91,-7.27,1.45,0.02
20230125095309422,2023-01-25 09:53:09,49.47,16.00,4.36,11.64,17.46,-0.02
20230125095309680,2023-01-25 09:53:09,103.30,26.19,20.37,26.19,30.55,0.01
20230125095309910,2023-01-25 09:53:09,202.23,61.10,33.46,48.01,59.65,-0.01
20230125095310111,2023-01-25 09:53:10,349.17,107.66,55.28,87.29,98.93,-0.01
20230125095310308,2023-01-25 09:53:10,485.93,136.76,77.11,132.39,139.67,-0.01
20230125095310498,2023-01-25 09:53:10,629.96,178.95,106.21,170.22,174.58,0.01
20230125095310694,2023-01-25 09:53:10,699.79,200.77,120.75,192.04,186.22,-0.01
20230125095310890,2023-01-25 09:53:10,688.15,196.41,116.39,192.04,183.31,0.00
20230125095311084,2023-01-25 09:53:11,709.97,203.68,114.93,208.05,183.31,-0.03
20230125095311308,2023-01-25 09:53:11,692.52,200.77,116.39,193.50,181.86,0.03
20230125095311527,2023-01-25 09:53:11,677.97,196.41,114.93,184.77,181.86,0.00
20230125095311753,2023-01-25 09:53:11,686.70,200.77,117.84,183.31,184.77,-0.03
20230125095311972,2023-01-25 09:53:11,209.50,61.10,34.92,59.65,53.83,-0.01
20230125095312173,2023-01-25 09:53:12,0.00,2.91,5.82,-11.64,2.91,-0.01
20230125095312403,2023-01-25 09:53:12,-16.00,0.00,0.00,-14.55,-1.45,0.03
20230125095312618,2023-01-25 09:53:12,-8.73,0.00,-1.45,-2.91,-4.36,0.00
20230125095312838,2023-01-25 09:53:12,-17.46,-5.82,4.36,-13.09,-2.91,0.01
20230125095313060,2023-01-25 09:53:13,-26.19,-8.73,-2.91,-10.18,-4.36,0.02
20230125095313349,2023-01-25 09:53:13,-17.46,0.00,1.45,-16.00,-2.91,-0.01
20230125095313728,2023-01-25 09:53:13,-10.18,0.00,-2.91,0.00,-7.27,0.01
20230125095314104,2023-01-25 09:53:14,-23.28,-1.45,-2.91,-16.00,-2.91,0.01
20230125095314419,2023-01-25 09:53:14,-18.91,-7.27,0.00,-8.73,-2.91,-0.01
20230125095314727,2023-01-25 09:53:14,-32.01,-8.73,-2.91,-16.00,-4.36,0.02
20230125095315040,2023-01-25 09:53:15,-27.64,-7.27,0.00,-16.00,-4.36,-0.01
20230125095315401,2023-01-25 09:53:15,-20.37,-2.91,1.45,-13.09,-5.82,-0.01
20230125095315770,2023-01-25 09:53:15,-24.73,-7.27,0.00,-13.09,-4.36,-0.01
20230125095316144,2023-01-25 09:53:16,-17.46,-2.91,1.45,-11.64,-4.36,0.03
20230125095316459,2023-01-25 09:53:16,-24.73,-7.27,1.45,-16.00,-2.91,0.02
20230125095316683,2023-01-25 09:53:16,-24.73,-4.36,-1.45,-16.00,-2.91,-0.01
20230125095316906,2023-01-25 09:53:16,-26.19,-1.45,-2.91,-16.00,-5.82,0.03
20230125095317120,2023-01-25 09:53:17,-23.28,-5.82,1.45,-14.55,-4.36,0.01
20230125095317367,2023-01-25 09:53:17,-26.19,-5.82,1.45,-16.00,-5.82,0.01
20230125095317616,2023-01-25 09:53:17,-18.91,-1.45,0.00,-16.00,-1.45,-0.01
20230125095317870,2023-01-25 09:53:17,-17.46,-4.36,-2.91,-8.73,-1.45,-0.03
20230125095318130,2023-01-25 09:53:18,-23.28,-8.73,2.91,-16.00,-1.45,0.01
20230125095318358,2023-01-25 09:53:18,-10.18,-2.91,0.00,-1.45,-5.82,0.01
20230125095318574,2023-01-25 09:53:18,-24.73,-5.82,0.00,-16.00,-2.91,0.01
20230125095318796,2023-01-25 09:53:18,-21.82,-7.27,-2.91,-5.82,-5.82,0.01
20230125095319016,2023-01-25 09:53:19,-16.00,-7.27,-1.45,-1.45,-5.82,0.01
20230125095319233,2023-01-25 09:53:19,-7.27,-1.45,0.00,-4.36,-1.45,0.01
20230125095319481,2023-01-25 09:53:19,-26.19,-7.27,0.00,-16.00,-2.91,-0.01
20230125095319734,2023-01-25 09:53:19,-7.27,-4.36,2.91,-1.45,-4.36,0.01
20230125095319989,2023-01-25 09:53:19,-7.27,-1.45,2.91,-5.82,-2.91,0.01
20230125095320244,2023-01-25 09:53:20,-32.01,-10.18,-1.45,-16.00,-4.36,0.01
20230125095320467,2023-01-25 09:53:20,-32.01,-7.27,-1.45,-16.00,-7.27,0.00
20230125095320688,2023-01-25 09:53:20,-17.46,-5.82,1.45,-11.64,-1.45,0.01
20230125095320904,2023-01-25 09:53:20,-27.64,-8.73,2.91,-16.00,-5.82,-0.01
20230125095321118,2023-01-25 09:53:21,-11.64,-7.27,2.91,-4.36,-2.91,0.01
20230125095321356,2023-01-25 09:53:21,-13.09,-5.82,1.45,-7.27,-1.45,-0.01
20230125095321605,2023-01-25 09:53:21,-27.64,-5.82,1.45,-16.00,-7.27,-0.01
20230125095321860,2023-01-25 09:53:21,-30.55,-5.82,-2.91,-14.55,-7.27,0.00
20230125095322113,2023-01-25 09:53:22,-23.28,-8.73,-1.45,-8.73,-4.36,-0.01
20230125095322355,2023-01-25 09:53:22,-26.19,-8.73,1.45,-16.00,-2.91,0.01
20230125095322580,2023-01-25 09:53:22,-8.73,-1.45,1.45,-4.36,-4.36,0.01
20230125095322798,2023-01-25 09:53:22,-23.28,-8.73,-1.45,-7.27,-5.82,0.01
20230125095323017,2023-01-25 09:53:23,-27.64,-8.73,4.36,-16.00,-7.27,0.00
20230125095323237,2023-01-25 09:53:23,-7.27,-2.91,4.36,-5.82,-2.91,-0.01
20230125095323489,2023-01-25 09:53:23,-23.28,-8.73,4.36,-16.00,-2.91,-0.03
20230125095323750,2023-01-25 09:53:23,-29.10,-2.91,-2.91,-16.00,-7.27,-0.01
20230125095324007,2023-01-25 09:53:23,-11.64,-5.82,0.00,-4.36,-1.45,0.00
20230125095324266,2023-01-25 09:53:24,-5.82,-1.45,1.45,-2.91,-2.91,-0.01
20230125095324496,2023-01-25 09:53:24,-26.19,-4.36,-1.45,-16.00,-4.36,-0.02
20230125095324714,2023-01-25 09:53:24,-27.64,-5.82,-2.91,-16.00,-2.91,-0.01
20230125100127981,2023-01-25 10:01:27,136.76,34.92,16.00,37.83,48.01,0.01
20230125100128173,2023-01-25 10:01:28,237.14,59.65,34.92,69.83,72.74,-0.03
20230125100128368,2023-01-25 10:01:28,315.71,87.29,46.56,82.93,98.93,0.00
20230125100128568,2023-01-25 10:01:28,440.82,125.12,66.92,123.66,125.12,0.01
20230125100128779,2023-01-25 10:01:28,474.29,132.39,66.92,141.12,133.85,-0.01
20230125100129002,2023-01-25 10:01:28,458.28,125.12,69.83,133.85,129.48,0.03
20230125100129231,2023-01-25 10:01:29,446.64,123.66,69.83,123.66,129.48,0.01
20230125100129452,2023-01-25 10:01:29,446.64,129.48,65.47,123.66,128.03,0.03
20230125100129669,2023-01-25 10:01:29,497.56,142.58,78.56,132.39,144.03,0.02
20230125100129863,2023-01-25 10:01:29,549.94,152.76,81.47,162.94,152.76,-0.01
20230125100130052,2023-01-25 10:01:30,531.03,145.49,80.02,154.22,151.31,0.01
20230125100130238,2023-01-25 10:01:30,541.21,149.85,82.93,157.13,151.31,0.03
20230125100130427,2023-01-25 10:01:30,520.84,144.03,81.47,141.12,154.22,-0.01
20230125100130671,2023-01-25 10:01:30,539.76,149.85,81.47,160.04,148.40,0.02
20230125100131005,2023-01-25 10:01:30,516.48,154.22,77.11,138.21,146.94,0.01
20230125100131344,2023-01-25 10:01:31,515.02,149.85,80.02,139.67,145.49,0.02
20230125100131678,2023-01-25 10:01:31,484.47,139.67,74.20,135.30,135.30,0.01
20230125100131976,2023-01-25 10:01:31,78.56,20.37,16.00,20.37,21.82,-0.01
20230125100132256,2023-01-25 10:01:32,-16.00,-5.82,1.45,-11.64,0.00,0.03
20230125100132575,2023-01-25 10:01:32,-18.91,0.00,1.45,-16.00,-4.36,0.01
20230125100132902,2023-01-25 10:01:32,-8.73,-1.45,1.45,-7.27,-1.45,-0.03
20230125100133297,2023-01-25 10:01:33,-10.18,-8.73,2.91,1.45,-5.82,0.01
20230125100133689,2023-01-25 10:01:33,-27.64,-4.36,-1.45,-16.00,-5.82,-0.01
20230125100133951,2023-01-25 10:01:33,5.82,-2.91,-1.45,7.27,2.91,-0.01
20230125100134172,2023-01-25 10:01:34,27.64,2.91,2.91,14.55,7.27,0.03
20230125100134391,2023-01-25 10:01:34,43.65,18.91,5.82,0.00,18.91,0.03
20230125100134615,2023-01-25 10:01:34,80.02,18.91,13.09,20.37,27.64,-0.01
20230125100134802,2023-01-25 10:01:34,136.76,36.37,23.28,36.37,40.74,0.03
20230125100135027,2023-01-25 10:01:35,218.23,55.28,34.92,68.38,59.65,0.01
20230125100135250,2023-01-25 10:01:35,301.16,90.20,49.47,77.11,84.38,-0.02
20230125100135482,2023-01-25 10:01:35,397.18,112.02,65.47,110.57,109.11,0.01
20230125100135713,2023-01-25 10:01:35,481.56,142.58,69.83,138.21,130.94,-0.01
20230125100135928,2023-01-25 10:01:35,600.86,167.31,96.02,174.58,162.94,0.02
20230125100136126,2023-01-25 10:01:36,615.41,178.95,96.02,176.04,164.40,-0.01
20230125100136315,2023-01-25 10:01:36,615.41,173.13,98.93,181.86,161.49,0.01
20230125100136507,2023-01-25 10:01:36,611.04,178.95,96.02,178.95,157.13,0.02
20230125100136704,2023-01-25 10:01:36,608.13,180.40,98.93,165.85,162.94,-0.01
20230125100136895,2023-01-25 10:01:36,608.13,174.58,98.93,171.67,162.94,0.00
20230125100137117,2023-01-25 10:01:37,612.50,180.40,93.11,181.86,157.13,-0.01
20230125100137336,2023-01-25 10:01:37,595.04,173.13,94.57,171.67,155.67,-0.01
20230125100137558,2023-01-25 10:01:37,613.95,177.49,96.02,184.77,155.67,0.01
20230125100137774,2023-01-25 10:01:37,609.59,178.95,91.66,183.31,155.67,0.02
20230125100137994,2023-01-25 10:01:37,605.22,170.22,98.93,178.95,157.13,0.03
20230125100138183,2023-01-25 10:01:38,612.50,173.13,93.11,187.68,158.58,-0.01
20230125100138379,2023-01-25 10:01:38,608.13,178.95,93.11,181.86,154.22,-0.02
20230125100138573,2023-01-25 10:01:38,608.13,171.67,97.48,180.40,158.58,0.01
20230125100138760,2023-01-25 10:01:38,590.68,178.95,88.75,164.40,158.58,-0.04
20230125100138958,2023-01-25 10:01:38,592.13,174.58,94.57,168.76,154.22,0.00
20230125100139176,2023-01-25 10:01:39,328.80,88.75,48.01,113.48,78.56,-0.01
20230125100139400,2023-01-25 10:01:39,42.19,11.64,8.73,14.55,7.27,0.01
20230125100139652,2023-01-25 10:01:39,-13.09,1.45,2.91,-16.00,-1.45,-0.01
20230125100139906,2023-01-25 10:01:39,-21.82,-4.36,1.45,-16.00,-2.91,0.00
20230125100140130,2023-01-25 10:01:40,-21.82,-1.45,-1.45,-16.00,-2.91,0.00
20230125100140356,2023-01-25 10:01:40,-27.64,-7.27,0.00,-16.00,-4.36,-0.01
20230125100140571,2023-01-25 10:01:40,-14.55,-4.36,-1.45,-7.27,-1.45,0.02
20230125100140791,2023-01-25 10:01:40,1.45,0.00,4.36,-10.18,7.27,0.00
20230125100141020,2023-01-25 10:01:41,53.83,17.46,8.73,14.55,13.09,-0.01
20230125100141277,2023-01-25 10:01:41,91.66,27.64,14.55,20.37,29.10,-0.01
20230125100141498,2023-01-25 10:01:41,160.04,49.47,26.19,37.83,46.56,-0.02
20230125100141721,2023-01-25 10:01:41,273.51,81.47,40.74,74.20,77.11,0.00
20230125100141941,2023-01-25 10:01:41,410.27,123.66,58.19,120.75,107.66,-0.01
20230125100142137,2023-01-25 10:01:42,487.38,138.21,75.65,142.58,130.94,-0.04
20230125100142325,2023-01-25 10:01:42,577.58,168.76,94.57,162.94,151.31,-0.03
20230125100142515,2023-01-25 10:01:42,593.59,170.22,96.02,171.67,155.67,-0.01
20230125100142701,2023-01-25 10:01:42,593.59,174.58,93.11,177.49,148.40,-0.02
20230125100142888,2023-01-25 10:01:42,571.76,165.85,91.66,162.94,151.31,0.02
20230125100143090,2023-01-25 10:01:43,579.04,168.76,94.57,162.94,152.76,0.05
20230125100143312,2023-01-25 10:01:43,579.04,167.31,90.20,173.13,148.40,-0.01
20230125100143536,2023-01-25 10:01:43,590.68,174.58,97.48,167.31,151.31,0.01
20230125100143754,2023-01-25 10:01:43,584.86,174.58,93.11,165.85,151.31,0.01
20230125100143981,2023-01-25 10:01:43,574.67,168.76,91.66,168.76,145.49,0.01
20230125100144268,2023-01-25 10:01:44,576.13,171.67,93.11,162.94,148.40,-0.01
20230125100144553,2023-01-25 10:01:44,403.00,114.93,66.92,123.66,97.48,-0.02
20230125100144823,2023-01-25 10:01:44,36.37,5.82,11.64,8.73,10.18,-0.01
20230125100145140,2023-01-25 10:01:45,-16.00,1.45,4.36,-16.00,-5.82,-0.01
20230125100145504,2023-01-25 10:01:45,-7.27,-1.45,0.00,0.00,-5.82,-0.01
20230125100145885,2023-01-25 10:01:45,-4.36,-4.36,1.45,0.00,-1.45,0.01
20230125100146224,2023-01-25 10:01:46,-16.00,-1.45,2.91,-13.09,-4.36,0.00
20230125100146556,2023-01-25 10:01:46,0.00,0.00,-1.45,0.00,1.45,-0.01
20230125100146868,2023-01-25 10:01:46,20.37,5.82,2.91,8.73,2.91,-0.03
20230125100147187,2023-01-25 10:01:47,62.56,24.73,8.73,7.27,21.82,-0.01
20230125100147455,2023-01-25 10:01:47,146.94,40.74,20.37,43.65,42.19,0.01
20230125100147679,2023-01-25 10:01:47,254.60,81.47,37.83,65.47,69.83,-0.01
20230125100147900,2023-01-25 10:01:47,385.54,117.84,61.10,109.11,97.48,-0.01
20230125100148119,2023-01-25 10:01:48,513.57,144.03,80.02,151.31,138.21,0.01
20230125100148310,2023-01-25 10:01:48,628.50,177.49,106.21,170.22,174.58,0.03
20230125100148497,2023-01-25 10:01:48,670.69,189.13,107.66,197.86,176.04,0.02
20230125100148687,2023-01-25 10:01:48,680.88,189.13,110.57,205.14,176.04,-0.04
20230125100148879,2023-01-25 10:01:48,685.24,194.95,110.57,203.68,176.04,0.00
20230125100149070,2023-01-25 10:01:49,657.60,187.68,107.66,190.59,171.67,0.01
20230125100149270,2023-01-25 10:01:49,679.42,192.04,106.21,206.59,174.58,-0.01
20230125100149498,2023-01-25 10:01:49,660.51,196.41,106.21,187.68,170.22,0.02
20230125100149717,2023-01-25 10:01:49,661.96,193.50,109.11,184.77,174.58,-0.01
20230125100149943,2023-01-25 10:01:49,645.96,187.68,104.75,186.22,167.31,-0.01
20230125100150167,2023-01-25 10:01:50,660.51,189.13,106.21,193.50,171.67,0.01
20230125100150358,2023-01-25 10:01:50,664.87,186.22,106.21,199.32,173.13,-0.01
20230125100150545,2023-01-25 10:01:50,653.23,184.77,101.84,197.86,168.76,0.01
20230125100150731,2023-01-25 10:01:50,653.23,192.04,103.30,187.68,170.22,-0.01
20230125100150923,2023-01-25 10:01:50,661.96,184.77,106.21,200.77,170.22,-0.01
20230125100151111,2023-01-25 10:01:51,666.33,194.95,107.66,190.59,173.13,0.01
20230125100151323,2023-01-25 10:01:51,664.87,192.04,106.21,200.77,165.85,0.01
20230125100151547,2023-01-25 10:01:51,656.14,190.59,104.75,187.68,173.13,-0.01
20230125100151769,2023-01-25 10:01:51,645.96,184.77,109.11,181.86,170.22,-0.05
20230125100151990,2023-01-25 10:01:51,653.23,187.68,103.30,194.95,167.31,-0.01
20230125100152220,2023-01-25 10:01:52,645.96,183.31,100.39,190.59,171.67,0.01
20230125100152424,2023-01-25 10:01:52,643.05,183.31,106.21,187.68,165.85,-0.02
20230125100152617,2023-01-25 10:01:52,641.60,192.04,100.39,178.95,170.22,0.02
20230125100152810,2023-01-25 10:01:52,641.60,186.22,106.21,181.86,167.31,0.03
20230125100153000,2023-01-25 10:01:52,648.87,183.31,104.75,196.41,164.40,0.00
20230125100153198,2023-01-25 10:01:53,661.96,184.77,109.11,199.32,168.76,-0.02
20230125100153416,2023-01-25 10:01:53,656.14,184.77,104.75,197.86,168.76,-0.01
20230125100153633,2023-01-25 10:01:53,632.87,184.77,104.75,176.04,167.31,-0.03
20230125100153862,2023-01-25 10:01:53,643.05,186.22,104.75,183.31,168.76,-0.01
20230125100154087,2023-01-25 10:01:54,656.14,184.77,110.57,194.95,165.85,-0.01
20230125100154301,2023-01-25 10:01:54,648.87,192.04,107.66,183.31,165.85,-0.03
20230125100154488,2023-01-25 10:01:54,638.69,184.77,106.21,183.31,164.40,-0.01
20230125100154679,2023-01-25 10:01:54,644.51,187.68,103.30,186.22,167.31,0.03
20230125100154867,2023-01-25 10:01:54,640.14,186.22,109.11,174.58,170.22,0.01
20230125100155055,2023-01-25 10:01:55,641.60,187.68,106.21,178.95,168.76,0.01
20230125100155241,2023-01-25 10:01:55,645.96,189.13,103.30,184.77,168.76,-0.01
20230125100155455,2023-01-25 10:01:55,650.32,190.59,101.84,190.59,167.31,0.01
20230125100155676,2023-01-25 10:01:55,637.23,183.31,104.75,184.77,164.40,-0.01
20230125100155899,2023-01-25 10:01:55,587.77,171.67,96.02,170.22,149.85,0.02
20230125100156121,2023-01-25 10:01:56,126.57,37.83,21.82,36.37,30.55,0.00
20230125100156363,2023-01-25 10:01:56,16.00,1.45,4.36,8.73,1.45,0.01
20230125100156585,2023-01-25 10:01:56,-1.45,-2.91,-1.45,4.36,-1.45,-0.02
20230125100156815,2023-01-25 10:01:56,-10.18,1.45,2.91,-7.27,-7.27,0.01
20230125100157032,2023-01-25 10:01:57,-8.73,-4.36,2.91,-5.82,-1.45,0.01
20230125100157256,2023-01-25 10:01:57,1.45,0.00,4.36,-4.36,1.45,0.04
20230125100157552,2023-01-25 10:01:57,20.37,1.45,2.91,11.64,4.36,0.03
20230125100157921,2023-01-25 10:01:57,77.11,24.73,13.09,17.46,21.82,-0.03
20230125100158242,2023-01-25 10:01:58,141.12,39.28,20.37,42.19,39.28,-0.03
20230125100158538,2023-01-25 10:01:58,231.32,75.65,30.55,64.01,61.10,0.01
20230125100158809,2023-01-25 10:01:58,349.17,112.02,50.92,97.48,88.75,-0.01
20230125100159097,2023-01-25 10:01:59,471.38,144.03,75.65,130.94,120.75,-0.05
20230125100159369,2023-01-25 10:01:59,606.68,177.49,104.75,162.94,161.49,0.00
20230125100159689,2023-01-25 10:01:59,747.80,206.59,129.48,210.96,200.77,-0.01
20230125100200019,2023-01-25 10:01:59,782.72,219.68,130.94,228.41,203.68,-0.01
20230125100200349,2023-01-25 10:02:00,775.44,218.23,129.48,229.87,197.86,0.03
20230125100200636,2023-01-25 10:02:00,756.53,210.96,126.57,219.68,199.32,0.01
20230125100200844,2023-01-25 10:02:00,765.26,212.41,128.03,224.05,200.77,0.01
20230125100201034,2023-01-25 10:02:01,766.71,212.41,129.48,226.96,197.86,-0.01
20230125100201223,2023-01-25 10:02:01,757.98,209.50,126.57,226.96,194.95,0.00
20230125100201418,2023-01-25 10:02:01,759.44,212.41,128.03,222.59,196.41,-0.03
20230125100201638,2023-01-25 10:02:01,753.62,210.96,130.94,213.87,197.86,-0.03
20230125100201859,2023-01-25 10:02:01,762.35,218.23,120.75,228.41,194.95,-0.03
20230125100202093,2023-01-25 10:02:02,769.62,216.77,128.03,228.41,196.41,-0.02
20230125100202320,2023-01-25 10:02:02,752.17,216.77,128.03,215.32,192.04,0.01
20230125100202536,2023-01-25 10:02:02,757.98,218.23,128.03,216.77,194.95,0.02
20230125100202741,2023-01-25 10:02:02,741.98,212.41,125.12,212.41,192.04,0.00
20230125100202931,2023-01-25 10:02:02,741.98,215.32,123.66,212.41,190.59,0.00
20230125100203120,2023-01-25 10:02:03,747.80,209.50,126.57,218.23,193.50,0.02
20230125100203312,2023-01-25 10:02:03,760.89,213.87,128.03,225.50,193.50,0.03
20230125100203498,2023-01-25 10:02:03,746.35,215.32,126.57,210.96,193.50,-0.02
20230125100203719,2023-01-25 10:02:03,747.80,215.32,122.21,219.68,190.59,-0.04
20230125100203938,2023-01-25 10:02:03,730.34,209.50,122.21,203.68,194.95,0.01
20230125100204160,2023-01-25 10:02:04,743.44,210.96,130.94,209.50,192.04,0.01
20230125100204382,2023-01-25 10:02:04,691.06,196.41,120.75,197.86,176.04,0.00
20230125100204594,2023-01-25 10:02:04,139.67,37.83,21.82,49.47,30.55,-0.01
20230125100204783,2023-01-25 10:02:04,11.64,1.45,2.91,4.36,2.91,-0.02
20230125100205005,2023-01-25 10:02:04,5.82,1.45,1.45,5.82,-2.91,-0.01
20230125100205220,2023-01-25 10:02:05,-2.91,-4.36,4.36,1.45,-4.36,-0.01
20230125100205437,2023-01-25 10:02:05,-13.09,0.00,2.91,-14.55,-1.45,0.00
20230125100205676,2023-01-25 10:02:05,0.00,2.91,1.45,-1.45,-2.91,0.00
20230125100205929,2023-01-25 10:02:05,-21.82,-7.27,2.91,-11.64,-5.82,0.01
20230125100206178,2023-01-25 10:02:06,-18.91,-7.27,1.45,-13.09,0.00,0.02
20230125100206426,2023-01-25 10:02:06,-24.73,-5.82,1.45,-16.00,-4.36,0.01
20230125100206661,2023-01-25 10:02:06,-1.45,-2.91,2.91,0.00,-1.45,0.01
20230125100206891,2023-01-25 10:02:06,-5.82,-4.36,1.45,1.45,-4.36,-0.01
20230125100207116,2023-01-25 10:02:07,0.00,-1.45,1.45,1.45,-1.45,0.02
20230125100207338,2023-01-25 10:02:07,-2.91,-1.45,-1.45,1.45,-1.45,0.02
20230125100207564,2023-01-25 10:02:07,-26.19,-1.45,-1.45,-16.00,-7.27,-0.03
20230125100207822,2023-01-25 10:02:07,-30.55,-7.27,0.00,-16.00,-7.27,-0.01
20230125100208092,2023-01-25 10:02:08,-26.19,-8.73,4.36,-16.00,-5.82,-0.01
20230125100208364,2023-01-25 10:02:08,-26.19,-10.18,0.00,-16.00,0.00,0.00
20230125100208619,2023-01-25 10:02:08,-26.19,-5.82,-1.45,-16.00,-2.91,-0.02
20230125100208846,2023-01-25 10:02:08,-13.09,0.00,-2.91,-8.73,-1.45,0.03
20230125100209061,2023-01-25 10:02:09,-21.82,0.00,-2.91,-16.00,-2.91,0.01
20230125100209283,2023-01-25 10:02:09,-8.73,0.00,1.45,-4.36,-5.82,0.01
20230125100209500,2023-01-25 10:02:09,-30.55,-10.18,2.91,-16.00,-7.27,0.03
20230125100209736,2023-01-25 10:02:09,-24.73,-7.27,2.91,-16.00,-4.36,0.01
20230125100209994,2023-01-25 10:02:09,-29.10,-8.73,-1.45,-16.00,-2.91,-0.03
20230125100210247,2023-01-25 10:02:10,-26.19,-2.91,-2.91,-16.00,-4.36,0.03
20230125100210504,2023-01-25 10:02:10,-18.91,-2.91,1.45,-16.00,-1.45,0.01
20230125100210743,2023-01-25 10:02:10,-23.28,-7.27,4.36,-16.00,-4.36,-0.02
20230125100211047,2023-01-25 10:02:11,-27.64,-2.91,-1.45,-16.00,-7.27,0.01
20230125100211364,2023-01-25 10:02:11,-29.10,-7.27,0.00,-16.00,-5.82,0.00
20230125100211673,2023-01-25 10:02:11,-27.64,-2.91,-1.45,-16.00,-7.27,0.00
20230125100212038,2023-01-25 10:02:12,-10.18,-5.82,2.91,-5.82,-1.45,-0.01
20230125100212396,2023-01-25 10:02:12,-27.64,-4.36,-2.91,-16.00,-4.36,0.01
20230125100212768,2023-01-25 10:02:12,-17.46,-7.27,-1.45,-7.27,-1.45,-0.01
20230125100213084,2023-01-25 10:02:13,-18.91,-2.91,0.00,-11.64,-4.36,-0.01
20230125100213393,2023-01-25 10:02:13,-4.36,-2.91,-1.45,0.00,0.00,0.00
20230125100213720,2023-01-25 10:02:13,-14.55,-8.73,1.45,-4.36,-2.91,-0.02
20230125100214079,2023-01-25 10:02:14,-20.37,-2.91,1.45,-14.55,-4.36,0.03
20230125100214357,2023-01-25 10:02:14,-7.27,-4.36,-1.45,0.00,-1.45,0.02
20230125100214615,2023-01-25 10:02:14,-8.73,-7.27,2.91,-1.45,-2.91,0.01
20230125100214855,2023-01-25 10:02:14,-16.00,-1.45,2.91,-16.00,-1.45,-0.03
20230125100215070,2023-01-25 10:02:15,-10.18,-2.91,-1.45,1.45,-7.27,0.00
20230125100215291,2023-01-25 10:02:15,-11.64,-7.27,5.82,-7.27,-2.91,0.03
20230125100215507,2023-01-25 10:02:15,-14.55,0.00,-1.45,-13.09,0.00,-0.01
20230125100215727,2023-01-25 10:02:15,-13.09,-8.73,1.45,-5.82,0.00,0.01
20230125100215966,2023-01-25 10:02:15,-23.28,-4.36,0.00,-16.00,-2.91,0.01
20230125100216216,2023-01-25 10:02:16,-8.73,-4.36,4.36,-7.27,-1.45,0.01
20230125100216467,2023-01-25 10:02:16,-4.36,0.00,2.91,-5.82,-1.45,0.00
20230125100216716,2023-01-25 10:02:16,-27.64,-7.27,1.45,-16.00,-5.82,0.01
20230125100216945,2023-01-25 10:02:16,-18.91,-1.45,-2.91,-10.18,-4.36,0.01
20230125100217160,2023-01-25 10:02:17,-23.28,-4.36,1.45,-16.00,-4.36,0.02
20230125100217379,2023-01-25 10:02:17,-13.09,-1.45,-1.45,-5.82,-4.36,0.05
