 , ,Total Pressure:, Pressure 1:, Pressure 2:, Pressure 3:, Pressure 4:, Horizontal:
20230209134338366,2023-02-09 13:43:38,13.09,0.00,8.73,1.45,2.91,0.01
20230209134338632,2023-02-09 13:43:38,4.36,2.91,14.55,-20.37,7.27,0.01
20230209134338908,2023-02-09 13:43:38,-4.36,8.73,4.36,-17.46,0.00,-0.01
20230209134339206,2023-02-09 13:43:39,-1.45,0.00,0.00,-8.73,7.27,0.04
20230209134339498,2023-02-09 13:43:39,27.64,14.55,20.37,-10.18,2.91,0.04
20230209134339718,2023-02-09 13:43:39,43.65,18.91,27.64,-2.91,0.00,0.13
20230209134339891,2023-02-09 13:43:39,75.65,18.91,43.65,10.18,2.91,0.06
20230209134340046,2023-02-09 13:43:40,189.13,53.83,69.83,46.56,18.91,0.10
20230209134340195,2023-02-09 13:43:40,257.51,56.74,109.11,61.10,30.55,0.19
20230209134340341,2023-02-09 13:43:40,391.36,94.57,164.40,94.57,37.83,0.17
20230209134340492,2023-02-09 13:43:40,442.28,106.21,193.50,90.20,52.38,0.19
20230209134340640,2023-02-09 13:43:40,586.31,136.76,253.15,122.21,74.20,0.21
20230209134340798,2023-02-09 13:43:40,683.79,167.31,298.25,135.30,82.93,0.23
20230209134340968,2023-02-09 13:43:40,686.70,161.49,302.61,145.49,77.11,0.23
20230209134341140,2023-02-09 13:43:41,686.70,161.49,296.79,146.94,81.47,0.17
20230209134341310,2023-02-09 13:43:41,708.52,171.67,308.43,151.31,77.11,0.18
20230209134341482,2023-02-09 13:43:41,682.33,168.76,288.06,145.49,80.02,0.25
20230209134341652,2023-02-09 13:43:41,241.51,61.10,97.48,58.19,24.73,0.17
20230209134341812,2023-02-09 13:43:41,36.37,18.91,11.64,4.36,1.45,0.08
20230209134341986,2023-02-09 13:43:41,1.45,5.82,8.73,-13.09,0.00,0.08
20230209134342161,2023-02-09 13:43:42,-5.82,8.73,0.00,-14.55,0.00,0.03
20230209134342335,2023-02-09 13:43:42,13.09,8.73,10.18,-10.18,4.36,0.07
20230209134342509,2023-02-09 13:43:42,-16.00,1.45,0.00,-20.37,2.91,0.10
20230209134342683,2023-02-09 13:43:42,34.92,8.73,32.01,-8.73,2.91,0.15
20230209134342870,2023-02-09 13:43:42,139.67,48.01,68.38,11.64,11.64,0.06
20230209134343043,2023-02-09 13:43:43,279.33,78.56,122.21,46.56,32.01,0.15
20230209134343215,2023-02-09 13:43:43,413.18,109.11,171.67,87.29,45.10,0.14
20230209134343385,2023-02-09 13:43:43,416.09,98.93,181.86,84.38,50.92,0.18
20230209134343554,2023-02-09 13:43:43,413.18,116.39,173.13,77.11,46.56,0.19
20230209134343723,2023-02-09 13:43:43,472.83,123.66,194.95,94.57,59.65,0.19
20230209134343879,2023-02-09 13:43:43,548.48,136.76,241.51,106.21,64.01,0.21
20230209134344027,2023-02-09 13:43:44,558.67,141.12,231.32,123.66,62.56,0.20
20230209134344175,2023-02-09 13:43:44,551.39,135.30,234.23,128.03,53.83,0.15
20230209134344324,2023-02-09 13:43:44,564.49,138.21,240.05,125.12,61.10,0.23
20230209134344472,2023-02-09 13:43:44,554.30,125.12,242.96,132.39,53.83,0.19
20230209134344619,2023-02-09 13:43:44,509.20,123.66,229.87,98.93,56.74,0.15
20230209134344767,2023-02-09 13:43:44,145.49,43.65,65.47,26.19,10.18,0.14
20230209134344927,2023-02-09 13:43:44,17.46,8.73,8.73,-5.82,5.82,0.04
20230209134345133,2023-02-09 13:43:45,10.18,1.45,1.45,1.45,5.82,0.05
20230209134345333,2023-02-09 13:43:45,1.45,1.45,0.00,-5.82,5.82,0.04
20230209134345536,2023-02-09 13:43:45,-7.27,4.36,7.27,-20.37,1.45,0.03
20230209134345736,2023-02-09 13:43:45,0.00,7.27,5.82,-20.37,7.27,0.06
20230209134345924,2023-02-09 13:43:45,-2.91,7.27,8.73,-20.37,1.45,0.05
20230209134346099,2023-02-09 13:43:46,7.27,4.36,5.82,-4.36,1.45,0.08
20230209134346272,2023-02-09 13:43:46,-7.27,0.00,2.91,-11.64,1.45,0.10
20230209134346446,2023-02-09 13:43:46,10.18,8.73,7.27,-5.82,0.00,0.08
20230209134346619,2023-02-09 13:43:46,5.82,8.73,7.27,-13.09,2.91,0.08
20230209134346792,2023-02-09 13:43:46,78.56,29.10,24.73,21.82,2.91,0.06
20230209134346948,2023-02-09 13:43:46,158.58,36.37,65.47,36.37,20.37,0.11
20230209134347118,2023-02-09 13:43:47,298.25,71.29,122.21,77.11,27.64,0.14
20230209134347288,2023-02-09 13:43:47,416.09,107.66,171.67,87.29,49.47,0.15
20230209134347457,2023-02-09 13:43:47,437.91,109.11,181.86,96.02,50.92,0.18
20230209134347626,2023-02-09 13:43:47,404.45,104.75,168.76,84.38,46.56,0.16
20230209134347796,2023-02-09 13:43:47,419.00,103.30,183.31,84.38,48.01,0.19
20230209134347955,2023-02-09 13:43:47,494.65,132.39,216.77,91.66,53.83,0.17
20230209134348102,2023-02-09 13:43:48,516.48,130.94,226.96,100.39,58.19,0.18
20230209134348249,2023-02-09 13:43:48,536.85,135.30,229.87,117.84,53.83,0.19
20230209134348396,2023-02-09 13:43:48,520.84,126.57,221.14,116.39,56.74,0.21
20230209134348542,2023-02-09 13:43:48,529.57,138.21,221.14,113.48,56.74,0.16
20230209134348689,2023-02-09 13:43:48,503.38,119.30,229.87,98.93,55.28,0.19
20230209134348836,2023-02-09 13:43:48,528.12,116.39,228.41,122.21,61.10,0.24
20230209134348994,2023-02-09 13:43:48,522.30,132.39,221.14,117.84,50.92,0.17
20230209134349163,2023-02-09 13:43:49,535.39,136.76,224.05,113.48,61.10,0.21
20230209134349332,2023-02-09 13:43:49,283.70,71.29,122.21,59.65,30.55,0.15
20230209134349502,2023-02-09 13:43:49,46.56,21.82,13.09,7.27,4.36,0.03
20230209134349702,2023-02-09 13:43:49,-14.55,4.36,1.45,-20.37,0.00,0.01
20230209134349951,2023-02-09 13:43:49,29.10,7.27,14.55,0.00,7.27,0.06
20230209134350208,2023-02-09 13:43:50,11.64,1.45,5.82,2.91,1.45,0.05
20230209134350461,2023-02-09 13:43:50,-7.27,1.45,8.73,-17.46,0.00,0.06
20230209134350712,2023-02-09 13:43:50,40.74,17.46,14.55,5.82,2.91,0.12
20230209134350963,2023-02-09 13:43:50,94.57,34.92,46.56,2.91,10.18,0.12
20230209134351214,2023-02-09 13:43:51,215.32,53.83,91.66,49.47,20.37,0.13
20230209134351465,2023-02-09 13:43:51,347.71,81.47,146.94,80.02,39.28,0.19
20230209134351718,2023-02-09 13:43:51,496.11,110.57,222.59,106.21,56.74,0.20
20230209134351968,2023-02-09 13:43:51,547.03,139.67,235.69,104.75,66.92,0.17
20230209134352183,2023-02-09 13:43:52,555.76,128.03,247.33,117.84,62.56,0.16
20230209134352392,2023-02-09 13:43:52,565.94,130.94,242.96,125.12,66.92,0.17
20230209134352611,2023-02-09 13:43:52,545.57,133.85,235.69,112.02,64.01,0.21
20230209134352826,2023-02-09 13:43:52,557.21,138.21,247.33,112.02,59.65,0.21
20230209134353037,2023-02-09 13:43:53,567.40,128.03,248.78,126.57,64.01,0.17
20230209134353207,2023-02-09 13:43:53,570.31,133.85,247.33,125.12,64.01,0.15
20230209134353375,2023-02-09 13:43:53,350.62,74.20,152.76,87.29,36.37,0.20
20230209134353545,2023-02-09 13:43:53,21.82,7.27,23.28,-10.18,1.45,0.08
20230209134353746,2023-02-09 13:43:53,-10.18,8.73,0.00,-18.91,0.00,0.03
20230209134353947,2023-02-09 13:43:53,-17.46,-1.45,2.91,-20.37,1.45,-0.01
20230209134354133,2023-02-09 13:43:54,10.18,5.82,0.00,2.91,1.45,-0.01
20230209134354307,2023-02-09 13:43:54,5.82,7.27,10.18,-13.09,1.45,-0.01
20230209134354480,2023-02-09 13:43:54,18.91,1.45,18.91,-2.91,1.45,-0.01
20230209134354655,2023-02-09 13:43:54,30.55,11.64,11.64,7.27,0.00,0.06
20230209134354829,2023-02-09 13:43:54,18.91,11.64,16.00,-11.64,2.91,0.08
20230209134355002,2023-02-09 13:43:54,122.21,32.01,58.19,16.00,16.00,0.13
20230209134355162,2023-02-09 13:43:55,272.06,77.11,116.39,53.83,24.73,0.19
20230209134355337,2023-02-09 13:43:55,395.72,88.75,167.31,93.11,46.56,0.19
20230209134355511,2023-02-09 13:43:55,497.56,125.12,221.14,91.66,59.65,0.20
20230209134355680,2023-02-09 13:43:55,571.76,135.30,240.05,132.39,64.01,0.19
20230209134355850,2023-02-09 13:43:55,712.88,180.40,293.88,161.49,77.11,0.24
20230209134356021,2023-02-09 13:43:56,718.70,165.85,308.43,162.94,81.47,0.19
20230209134356178,2023-02-09 13:43:56,682.33,176.04,296.79,132.39,77.11,0.17
20230209134356324,2023-02-09 13:43:56,724.52,178.95,298.25,167.31,80.02,0.21
20230209134356470,2023-02-09 13:43:56,692.52,164.40,296.79,149.85,81.47,0.19
20230209134356617,2023-02-09 13:43:56,715.79,176.04,305.52,161.49,72.74,0.23
20230209134356763,2023-02-09 13:43:56,208.05,45.10,91.66,49.47,21.82,0.10
20230209134356910,2023-02-09 13:43:56,0.00,0.00,13.09,-17.46,4.36,0.04
20230209134357084,2023-02-09 13:43:57,24.73,14.55,5.82,-2.91,7.27,0.07
20230209134357280,2023-02-09 13:43:57,21.82,10.18,5.82,1.45,4.36,0.05
20230209134357481,2023-02-09 13:43:57,-2.91,0.00,4.36,-7.27,0.00,0.05
20230209134357681,2023-02-09 13:43:57,17.46,10.18,5.82,1.45,0.00,0.08
20230209134357882,2023-02-09 13:43:57,18.91,17.46,16.00,-16.00,1.45,0.14
20230209134358082,2023-02-09 13:43:58,146.94,43.65,61.10,32.01,10.18,0.14
20230209134358238,2023-02-09 13:43:58,250.24,58.19,101.84,61.10,29.10,0.17
20230209134358384,2023-02-09 13:43:58,353.53,94.57,154.22,68.38,36.37,0.18
20230209134358531,2023-02-09 13:43:58,469.92,109.11,218.23,87.29,55.28,0.23
20230209134358679,2023-02-09 13:43:58,602.31,144.03,269.15,119.30,69.83,0.23
20230209134358826,2023-02-09 13:43:58,755.08,173.13,325.89,167.31,88.75,0.26
20230209134358972,2023-02-09 13:43:58,753.62,177.49,312.80,174.58,88.75,0.17
20230209134359121,2023-02-09 13:43:59,739.07,174.58,327.34,149.85,87.29,0.23
20230209134359285,2023-02-09 13:43:59,736.16,174.58,321.53,154.22,85.84,0.18
20230209134359455,2023-02-09 13:43:59,779.81,190.59,324.43,176.04,88.75,0.24
20230209134359625,2023-02-09 13:43:59,757.98,192.04,327.34,146.94,91.66,0.22
20230209134359796,2023-02-09 13:43:59,373.90,98.93,155.67,74.20,45.10,0.13
20230209134359966,2023-02-09 13:43:59,56.74,21.82,23.28,7.27,4.36,0.05
20230209134400166,2023-02-09 13:44:00,29.10,13.09,10.18,1.45,4.36,0.08
20230209134400407,2023-02-09 13:44:00,26.19,8.73,11.64,4.36,1.45,0.02
20230209134400596,2023-02-09 13:44:00,18.91,1.45,13.09,-1.45,5.82,0.03
20230209134400770,2023-02-09 13:44:00,-13.09,-1.45,2.91,-20.37,5.82,0.03
20230209134400943,2023-02-09 13:44:00,-1.45,4.36,1.45,-8.73,1.45,0.05
20230209134401119,2023-02-09 13:44:01,20.37,11.64,5.82,-1.45,4.36,0.07
20230209134401367,2023-02-09 13:44:01,1.45,-1.45,7.27,-5.82,1.45,0.06
20230209134401778,2023-02-09 13:44:01,27.64,16.00,5.82,0.00,5.82,0.10
20230209134402031,2023-02-09 13:44:02,53.83,10.18,24.73,16.00,2.91,0.10
20230209134402233,2023-02-09 13:44:02,139.67,29.10,50.92,43.65,16.00,0.17
20230209134402380,2023-02-09 13:44:02,190.59,45.10,69.83,53.83,21.82,0.13
20230209134402527,2023-02-09 13:44:02,212.41,56.74,98.93,34.92,21.82,0.15
20230209134402673,2023-02-09 13:44:02,320.07,87.29,141.12,53.83,37.83,0.17
20230209134402820,2023-02-09 13:44:02,404.45,93.11,183.31,74.20,53.83,0.21
20230209134402967,2023-02-09 13:44:02,542.66,133.85,229.87,119.30,59.65,0.15
20230209134403114,2023-02-09 13:44:03,653.23,155.67,280.79,136.76,80.02,0.22
20230209134403279,2023-02-09 13:44:03,664.87,167.31,285.15,128.03,84.38,0.26
20230209134403530,2023-02-09 13:44:03,660.51,157.13,290.97,130.94,81.47,0.23
20230209134403780,2023-02-09 13:44:03,691.06,167.31,296.79,141.12,85.84,0.19
20230209134404027,2023-02-09 13:44:04,446.64,112.02,193.50,88.75,52.38,0.19
20230209134404269,2023-02-09 13:44:04,53.83,8.73,27.64,10.18,7.27,0.02
20230209134404521,2023-02-09 13:44:04,-5.82,1.45,5.82,-13.09,0.00,-0.03
20230209134404772,2023-02-09 13:44:04,-2.91,11.64,1.45,-20.37,4.36,0.04
20230209134405028,2023-02-09 13:44:05,-11.64,0.00,2.91,-20.37,5.82,-0.01
20230209134405280,2023-02-09 13:44:05,4.36,8.73,7.27,-16.00,4.36,0.02
20230209134405562,2023-02-09 13:44:05,7.27,13.09,4.36,-13.09,2.91,0.09
20230209134405855,2023-02-09 13:44:05,4.36,10.18,4.36,-17.46,7.27,0.11
20230209134406155,2023-02-09 13:44:06,26.19,18.91,16.00,-10.18,1.45,0.10
20230209134406431,2023-02-09 13:44:06,77.11,23.28,29.10,18.91,5.82,0.12
20230209134406608,2023-02-09 13:44:06,142.58,42.19,66.92,21.82,11.64,0.16
20230209134406754,2023-02-09 13:44:06,292.43,75.65,126.57,53.83,36.37,0.18
20230209134406901,2023-02-09 13:44:06,462.65,110.57,196.41,109.11,46.56,0.14
20230209134407048,2023-02-09 13:44:07,558.67,133.85,245.87,109.11,69.83,0.21
20230209134407195,2023-02-09 13:44:07,632.87,142.58,269.15,144.03,77.11,0.17
20230209134407341,2023-02-09 13:44:07,651.78,154.22,279.33,138.21,80.02,0.26
20230209134407509,2023-02-09 13:44:07,613.95,148.40,266.24,128.03,71.29,0.22
20230209134407678,2023-02-09 13:44:07,638.69,157.13,267.70,139.67,74.20,0.18
20230209134407847,2023-02-09 13:44:07,631.41,148.40,280.79,136.76,65.47,0.21
20230209134408017,2023-02-09 13:44:08,295.34,69.83,123.66,77.11,24.73,0.17
20230209134408187,2023-02-09 13:44:08,16.00,14.55,13.09,-11.64,0.00,0.06
20230209134408386,2023-02-09 13:44:08,21.82,13.09,4.36,-2.91,7.27,0.10
20230209134408559,2023-02-09 13:44:08,24.73,10.18,13.09,0.00,1.45,0.05
20230209134408732,2023-02-09 13:44:08,-17.46,0.00,2.91,-20.37,0.00,0.07
20230209134408908,2023-02-09 13:44:08,18.91,13.09,8.73,-2.91,0.00,0.07
20230209134409082,2023-02-09 13:44:09,5.82,18.91,4.36,-17.46,0.00,0.08
20230209134409257,2023-02-09 13:44:09,85.84,17.46,33.46,27.64,7.27,0.17
20230209134409404,2023-02-09 13:44:09,186.22,55.28,77.11,37.83,16.00,0.20
20230209134409572,2023-02-09 13:44:09,341.89,90.20,141.12,71.29,39.28,0.19
20230209134409741,2023-02-09 13:44:09,467.01,122.21,200.77,85.84,58.19,0.15
20230209134409911,2023-02-09 13:44:09,600.86,155.67,253.15,116.39,75.65,0.24
20230209134410081,2023-02-09 13:44:10,619.77,154.22,258.97,139.67,66.92,0.23
20230209134410250,2023-02-09 13:44:10,627.05,155.67,258.97,139.67,72.74,0.23
20230209134410420,2023-02-09 13:44:10,611.04,161.49,258.97,119.30,71.29,0.21
20230209134410571,2023-02-09 13:44:10,618.32,158.58,266.24,120.75,72.74,0.17
20230209134410719,2023-02-09 13:44:10,612.50,148.40,272.06,120.75,71.29,0.26
20230209134410866,2023-02-09 13:44:10,602.31,157.13,256.06,125.12,64.01,0.17
20230209134411012,2023-02-09 13:44:11,525.21,126.57,234.23,109.11,55.28,0.23
20230209134411159,2023-02-09 13:44:11,68.38,30.55,30.55,-4.36,11.64,0.11
20230209134411333,2023-02-09 13:44:11,4.36,5.82,8.73,-17.46,7.27,0.01
20230209134411516,2023-02-09 13:44:11,1.45,0.00,8.73,-13.09,5.82,0.05
20230209134411716,2023-02-09 13:44:11,2.91,5.82,4.36,-11.64,4.36,0.02
20230209134411916,2023-02-09 13:44:11,2.91,-1.45,7.27,-2.91,0.00,0.03
20230209134412118,2023-02-09 13:44:12,-1.45,4.36,13.09,-20.37,1.45,0.03
20230209134412318,2023-02-09 13:44:12,-2.91,-1.45,1.45,-4.36,1.45,0.06
20230209134412514,2023-02-09 13:44:12,-13.09,5.82,0.00,-20.37,1.45,0.03
20230209134412688,2023-02-09 13:44:12,16.00,0.00,10.18,-1.45,7.27,0.04
20230209134412863,2023-02-09 13:44:12,24.73,18.91,8.73,-7.27,4.36,0.10
20230209134413037,2023-02-09 13:44:13,88.75,20.37,36.37,29.10,2.91,0.14
20230209134413183,2023-02-09 13:44:13,199.32,55.28,94.57,29.10,20.37,0.17
20230209134413330,2023-02-09 13:44:13,299.70,74.20,142.58,52.38,30.55,0.21
20230209134413477,2023-02-09 13:44:13,523.75,130.94,218.23,116.39,58.19,0.19
20230209134413644,2023-02-09 13:44:13,529.57,130.94,240.05,97.48,61.10,0.22
20230209134413813,2023-02-09 13:44:13,535.39,117.84,226.96,130.94,59.65,0.23
20230209134413981,2023-02-09 13:44:13,529.57,135.30,225.50,116.39,52.38,0.22
20230209134414153,2023-02-09 13:44:14,529.57,120.75,234.23,114.93,59.65,0.18
20230209134414322,2023-02-09 13:44:14,116.39,24.73,45.10,30.55,16.00,0.09
20230209134414493,2023-02-09 13:44:14,-10.18,2.91,0.00,-20.37,7.27,0.01
20230209134414671,2023-02-09 13:44:14,-8.73,4.36,4.36,-20.37,2.91,0.06
20230209134414845,2023-02-09 13:44:14,-11.64,0.00,0.00,-20.37,8.73,0.06
20230209134415019,2023-02-09 13:44:15,-11.64,0.00,7.27,-20.37,1.45,0.05
20230209134415193,2023-02-09 13:44:15,20.37,10.18,5.82,-1.45,5.82,0.10
20230209134415366,2023-02-09 13:44:15,27.64,11.64,20.37,-7.27,2.91,0.13
20230209134415539,2023-02-09 13:44:15,128.03,30.55,49.47,37.83,10.18,0.15
20230209134415713,2023-02-09 13:44:15,248.78,69.83,103.30,48.01,27.64,0.17
20230209134415883,2023-02-09 13:44:15,379.72,91.66,170.22,71.29,46.56,0.19
20230209134416053,2023-02-09 13:44:16,542.66,133.85,231.32,116.39,61.10,0.19
20230209134416224,2023-02-09 13:44:16,545.57,133.85,237.14,112.02,62.56,0.24
20230209134416392,2023-02-09 13:44:16,560.12,130.94,253.15,109.11,66.92,0.25
20230209134416561,2023-02-09 13:44:16,605.22,152.76,256.06,123.66,72.74,0.22
20230209134416720,2023-02-09 13:44:16,605.22,152.76,263.33,126.57,62.56,0.20
20230209134416929,2023-02-09 13:44:16,606.68,145.49,260.42,130.94,69.83,0.24
20230209134417144,2023-02-09 13:44:17,605.22,154.22,253.15,122.21,75.65,0.21
20230209134417352,2023-02-09 13:44:17,516.48,126.57,226.96,113.48,49.47,0.23
20230209134417561,2023-02-09 13:44:17,50.92,18.91,36.37,-10.18,5.82,0.08
20230209134417856,2023-02-09 13:44:17,4.36,5.82,10.18,-20.37,8.73,0.06
20230209134418155,2023-02-09 13:44:18,-11.64,2.91,5.82,-20.37,0.00,0.05
20230209134418456,2023-02-09 13:44:18,2.91,4.36,2.91,-7.27,2.91,0.03
20230209134418724,2023-02-09 13:44:18,-2.91,-1.45,1.45,-7.27,4.36,0.04
20230209134419019,2023-02-09 13:44:19,-8.73,0.00,11.64,-20.37,0.00,0.11
20230209134419271,2023-02-09 13:44:19,45.10,13.09,27.64,1.45,2.91,0.10
20230209134419523,2023-02-09 13:44:19,116.39,40.74,56.74,8.73,10.18,0.15
20230209134419760,2023-02-09 13:44:19,209.50,46.56,103.30,34.92,24.73,0.20
20230209134419996,2023-02-09 13:44:19,350.62,88.75,145.49,77.11,39.28,0.23
20230209134420165,2023-02-09 13:44:20,501.93,119.30,219.68,107.66,55.28,0.22
20230209134420334,2023-02-09 13:44:20,573.22,133.85,245.87,125.12,68.38,0.21
20230209134420505,2023-02-09 13:44:20,516.48,123.66,238.60,90.20,64.01,0.23
20230209134420673,2023-02-09 13:44:20,522.30,135.30,238.60,91.66,56.74,0.23
20230209134420825,2023-02-09 13:44:20,542.66,125.12,242.96,113.48,61.10,0.21
20230209134420971,2023-02-09 13:44:20,531.03,123.66,226.96,119.30,61.10,0.21
20230209134421119,2023-02-09 13:44:21,557.21,130.94,245.87,123.66,56.74,0.21
20230209134421266,2023-02-09 13:44:21,212.41,48.01,97.48,48.01,18.91,0.14
20230209134421412,2023-02-09 13:44:21,23.28,5.82,8.73,1.45,7.27,0.06
20230209134421586,2023-02-09 13:44:21,-8.73,5.82,0.00,-20.37,5.82,0.01
20230209134421771,2023-02-09 13:44:21,-0.00,11.64,8.73,-20.37,0.00,0.05
20230209134421971,2023-02-09 13:44:21,-5.82,1.45,1.45,-8.73,0.00,0.06
20230209134422172,2023-02-09 13:44:22,13.09,-1.45,11.64,1.45,1.45,0.05
20230209134422371,2023-02-09 13:44:22,-1.45,10.18,8.73,-20.37,0.00,0.09
20230209134422571,2023-02-09 13:44:22,-4.36,4.36,10.18,-20.37,1.45,0.14
20230209134422763,2023-02-09 13:44:22,69.83,32.01,23.28,13.09,1.45,0.14
20230209134422940,2023-02-09 13:44:22,122.21,33.46,66.92,7.27,14.55,0.16
20230209134423088,2023-02-09 13:44:23,263.33,59.65,120.75,49.47,33.46,0.17
20230209134423234,2023-02-09 13:44:23,388.45,98.93,167.31,82.93,39.28,0.19
20230209134423380,2023-02-09 13:44:23,426.28,98.93,186.22,91.66,49.47,0.19
20230209134423526,2023-02-09 13:44:23,455.37,114.93,197.86,91.66,50.92,0.20
20230209134423674,2023-02-09 13:44:23,491.74,122.21,222.59,82.93,64.01,0.24
20230209134423834,2023-02-09 13:44:23,532.48,119.30,235.69,114.93,62.56,0.21
20230209134424004,2023-02-09 13:44:23,506.29,126.57,226.96,88.75,64.01,0.16
20230209134424172,2023-02-09 13:44:24,548.48,129.48,240.05,119.30,59.65,0.21
20230209134424342,2023-02-09 13:44:24,547.03,138.21,232.78,110.57,65.47,0.26
20230209134424512,2023-02-09 13:44:24,561.58,142.58,238.60,120.75,59.65,0.24
20230209134424681,2023-02-09 13:44:24,568.85,145.49,254.60,98.93,69.83,0.21
20230209134424838,2023-02-09 13:44:24,581.95,145.49,251.69,117.84,66.92,0.24
20230209134424984,2023-02-09 13:44:24,570.31,129.48,254.60,120.75,65.47,0.25
20230209134425131,2023-02-09 13:44:25,587.77,141.12,260.42,120.75,65.47,0.21
20230209134425278,2023-02-09 13:44:25,565.94,133.85,253.15,117.84,61.10,0.21
20230209134425425,2023-02-09 13:44:25,344.80,88.75,151.31,69.83,34.92,0.15
20230209134425572,2023-02-09 13:44:25,48.01,23.28,18.91,-5.82,11.64,0.15
20230209134425749,2023-02-09 13:44:25,7.27,-1.45,0.00,1.45,7.27,0.05
20230209134425950,2023-02-09 13:44:25,-1.45,8.73,1.45,-14.55,2.91,0.06
20230209134426151,2023-02-09 13:44:26,4.36,11.64,2.91,-10.18,0.00,-0.01
20230209134426351,2023-02-09 13:44:26,13.09,4.36,7.27,-1.45,2.91,0.00
20230209134426555,2023-02-09 13:44:26,10.18,7.27,7.27,-10.18,5.82,0.00
20230209134426757,2023-02-09 13:44:26,-13.09,0.00,0.00,-20.37,7.27,0.03
20230209134426938,2023-02-09 13:44:26,14.55,5.82,5.82,-2.91,5.82,0.03
20230209134427115,2023-02-09 13:44:27,1.45,0.00,1.45,-5.82,5.82,0.03
20230209134427289,2023-02-09 13:44:27,-7.27,2.91,7.27,-20.37,2.91,0.00
20230209134427462,2023-02-09 13:44:27,7.27,8.73,1.45,-2.91,0.00,0.05
