 , ,Total Pressure:, Pressure 1:, Pressure 2:, Pressure 3:, Pressure 4:, Horizontal:
20230131103615905,2023-01-31 10:36:15,5.82,-7.27,0.00,11.64,1.45,0.00
20230131103616148,2023-01-31 10:36:16,20.37,2.91,1.45,13.09,2.91,0.02
20230131103616388,2023-01-31 10:36:16,5.82,-2.91,-2.91,8.73,2.91,0.01
20230131103616633,2023-01-31 10:36:16,11.64,-1.45,1.45,11.64,0.00,-0.01
20230131103616877,2023-01-31 10:36:16,1.45,-2.91,1.45,0.00,2.91,0.01
20230131103617120,2023-01-31 10:36:17,14.55,-4.36,2.91,13.09,2.91,0.00
20230131103617335,2023-01-31 10:36:17,1.45,1.45,0.00,1.45,-1.45,0.03
20230131103617547,2023-01-31 10:36:17,1.45,0.00,0.00,0.00,1.45,0.01
20230131103617823,2023-01-31 10:36:17,11.64,0.00,-2.91,11.64,2.91,0.01
20230131103618123,2023-01-31 10:36:18,8.73,2.91,2.91,0.00,2.91,0.01
20230131103618361,2023-01-31 10:36:18,-0.00,-7.27,0.00,8.73,-1.45,0.01
20230131103618610,2023-01-31 10:36:18,7.27,-2.91,-2.91,10.18,2.91,0.01
20230131103618852,2023-01-31 10:36:18,11.64,0.00,-1.45,10.18,2.91,0.03
20230131103619101,2023-01-31 10:36:19,5.82,1.45,0.00,1.45,2.91,-0.01
20230131103619321,2023-01-31 10:36:19,5.82,1.45,0.00,1.45,2.91,0.00
20230131103619537,2023-01-31 10:36:19,0.00,-4.36,1.45,0.00,2.91,0.01
20230131103619749,2023-01-31 10:36:19,5.82,-7.27,0.00,11.64,1.45,0.00
20230131103619962,2023-01-31 10:36:19,-7.27,-2.91,-2.91,0.00,-1.45,0.01
20230131103620347,2023-01-31 10:36:20,5.82,-1.45,0.00,8.73,-1.45,0.03
20230131103620588,2023-01-31 10:36:20,-5.82,-5.82,0.00,0.00,0.00,0.00
20230131103620828,2023-01-31 10:36:20,-4.36,-5.82,1.45,0.00,0.00,0.00
20230131103621069,2023-01-31 10:36:21,2.91,-8.73,0.00,13.09,-1.45,0.02
20230131103621311,2023-01-31 10:36:21,-4.36,-5.82,0.00,0.00,1.45,-0.01
20230131103621523,2023-01-31 10:36:21,-1.45,-5.82,0.00,1.45,2.91,0.02
20230131103621737,2023-01-31 10:36:21,-1.45,-5.82,-2.91,4.36,2.91,0.01
20230131103621945,2023-01-31 10:36:21,-5.82,-1.45,-2.91,0.00,-1.45,-0.01
20230131103622159,2023-01-31 10:36:22,1.45,-4.36,-2.91,10.18,-1.45,-0.02
20230131103622492,2023-01-31 10:36:22,4.36,1.45,-1.45,0.00,4.36,-0.01
20230131103622818,2023-01-31 10:36:22,2.91,0.00,2.91,0.00,0.00,0.01
20230131103623070,2023-01-31 10:36:23,13.09,-2.91,1.45,11.64,2.91,0.01
20230131103623313,2023-01-31 10:36:23,2.91,2.91,-1.45,0.00,1.45,0.03
20230131103623526,2023-01-31 10:36:23,10.18,1.45,2.91,5.82,0.00,0.00
20230131103623736,2023-01-31 10:36:23,0.00,-4.36,4.36,0.00,0.00,-0.01
20230131103623954,2023-01-31 10:36:23,4.36,0.00,2.91,0.00,1.45,-0.02
20230131103624164,2023-01-31 10:36:24,20.37,2.91,0.00,14.55,2.91,-0.01
20230131103624384,2023-01-31 10:36:24,7.27,-2.91,-1.45,10.18,1.45,0.01
20230131103624630,2023-01-31 10:36:24,17.46,4.36,0.00,13.09,0.00,0.00
20230131103625057,2023-01-31 10:36:25,-5.82,-5.82,-1.45,0.00,1.45,-0.02
20230131103625305,2023-01-31 10:36:25,11.64,2.91,0.00,10.18,-1.45,0.01
20230131103625521,2023-01-31 10:36:25,-2.91,-1.45,-1.45,0.00,0.00,-0.01
20230131103625748,2023-01-31 10:36:25,1.45,1.45,-2.91,0.00,2.91,0.00
20230131103626057,2023-01-31 10:36:26,4.36,-1.45,1.45,1.45,2.91,0.01
20230131103626363,2023-01-31 10:36:26,11.64,1.45,0.00,5.82,4.36,0.03
20230131103626718,2023-01-31 10:36:26,16.00,2.91,0.00,13.09,0.00,-0.01
20230131103627164,2023-01-31 10:36:27,-7.27,-4.36,-1.45,0.00,-1.45,0.00
20230131103627630,2023-01-31 10:36:27,8.73,-4.36,1.45,11.64,0.00,0.00
20230131103627934,2023-01-31 10:36:27,8.73,-5.82,-1.45,13.09,2.91,-0.01
20230131103628236,2023-01-31 10:36:28,-2.91,-2.91,-2.91,0.00,2.91,0.01
20230131103628562,2023-01-31 10:36:28,1.45,-7.27,1.45,8.73,-1.45,0.01
20230131103628937,2023-01-31 10:36:28,-1.45,-1.45,0.00,0.00,0.00,0.00
20230131103639168,2023-01-31 10:36:39,85.84,14.55,8.73,43.65,18.91,0.03
20230131103639496,2023-01-31 10:36:39,113.48,32.01,14.55,39.28,27.64,0.00
20230131103639783,2023-01-31 10:36:39,114.93,32.01,10.18,43.65,29.10,-0.04
20230131103640053,2023-01-31 10:36:40,158.58,39.28,20.37,61.10,37.83,0.01
20230131103640319,2023-01-31 10:36:40,186.22,46.56,27.64,68.38,43.65,0.00
20230131103640580,2023-01-31 10:36:40,237.14,62.56,33.46,87.29,53.83,0.00
20230131103640873,2023-01-31 10:36:40,276.42,75.65,40.74,88.75,71.29,-0.02
20230131103641330,2023-01-31 10:36:41,309.89,84.38,46.56,106.21,72.74,0.00
20230131103641714,2023-01-31 10:36:41,370.99,103.30,58.19,117.84,91.66,0.00
20230131103641973,2023-01-31 10:36:41,451.01,128.03,77.11,132.39,113.48,0.04
20230131103642231,2023-01-31 10:36:42,512.11,145.49,81.47,165.85,119.30,-0.01
20230131103642503,2023-01-31 10:36:42,507.75,138.21,82.93,165.85,120.75,0.03
20230131103642698,2023-01-31 10:36:42,480.11,141.12,78.56,145.49,114.93,0.00
20230131103642899,2023-01-31 10:36:42,494.65,138.21,77.11,160.04,119.30,-0.02
20230131103643107,2023-01-31 10:36:43,485.93,145.49,80.02,145.49,114.93,-0.03
20230131103643319,2023-01-31 10:36:43,490.29,135.30,78.56,160.04,116.39,-0.01
20230131103643573,2023-01-31 10:36:43,481.56,144.03,74.20,146.94,116.39,-0.01
20230131103643909,2023-01-31 10:36:43,484.47,144.03,74.20,149.85,116.39,0.05
20230131103644090,2023-01-31 10:36:44,478.65,142.58,71.29,146.94,117.84,0.02
20230131103644273,2023-01-31 10:36:44,512.11,145.49,87.29,149.85,129.48,-0.01
20230131103644465,2023-01-31 10:36:44,618.32,174.58,103.30,192.04,148.40,0.03
20230131103644648,2023-01-31 10:36:44,616.86,178.95,106.21,180.40,151.31,0.03
20230131103644848,2023-01-31 10:36:44,609.59,168.76,101.84,184.77,154.22,0.02
20230131103645059,2023-01-31 10:36:45,613.95,178.95,101.84,184.77,148.40,0.00
20230131103645268,2023-01-31 10:36:45,622.68,174.58,100.39,197.86,149.85,0.00
20230131103645480,2023-01-31 10:36:45,618.32,174.58,96.02,200.77,146.94,-0.04
20230131103645695,2023-01-31 10:36:45,606.68,171.67,100.39,184.77,149.85,0.01
20230131103645962,2023-01-31 10:36:45,613.95,176.04,107.66,181.86,148.40,0.01
20230131103646242,2023-01-31 10:36:46,612.50,167.31,96.02,199.32,149.85,-0.03
20230131103646428,2023-01-31 10:36:46,605.22,173.13,101.84,184.77,145.49,0.01
20230131103646615,2023-01-31 10:36:46,593.59,167.31,101.84,177.49,146.94,0.00
20230131103646807,2023-01-31 10:36:46,368.08,101.84,50.92,130.94,84.38,-0.02
20230131103647018,2023-01-31 10:36:47,119.30,29.10,13.09,48.01,29.10,-0.02
20230131103647233,2023-01-31 10:36:47,42.19,5.82,4.36,24.73,7.27,-0.01
20230131103647482,2023-01-31 10:36:47,14.55,-4.36,2.91,16.00,0.00,-0.03
20230131103647727,2023-01-31 10:36:47,11.64,-5.82,0.00,14.55,2.91,0.00
20230131103647955,2023-01-31 10:36:47,11.64,1.45,-1.45,7.27,4.36,0.01
20230131103648210,2023-01-31 10:36:48,7.27,2.91,0.00,2.91,1.45,0.02
20230131103648532,2023-01-31 10:36:48,7.27,2.91,1.45,0.00,2.91,0.03
20230131103648740,2023-01-31 10:36:48,17.46,1.45,1.45,14.55,0.00,0.00
20230131103648965,2023-01-31 10:36:48,11.64,-4.36,-1.45,14.55,2.91,0.03
20230131103649228,2023-01-31 10:36:49,27.64,-2.91,4.36,21.82,4.36,0.01
20230131103649478,2023-01-31 10:36:49,40.74,13.09,5.82,8.73,13.09,0.02
20230131103649732,2023-01-31 10:36:49,109.11,23.28,17.46,42.19,26.19,0.01
20230131103649942,2023-01-31 10:36:49,149.85,40.74,24.73,46.56,37.83,0.01
20230131103650127,2023-01-31 10:36:50,245.87,66.92,37.83,88.75,52.38,0.00
20230131103650312,2023-01-31 10:36:50,321.53,93.11,53.83,100.39,74.20,-0.02
20230131103650582,2023-01-31 10:36:50,404.45,112.02,65.47,132.39,94.57,-0.03
20230131103650839,2023-01-31 10:36:50,501.93,148.40,85.84,141.12,126.57,0.00
20230131103651033,2023-01-31 10:36:51,640.14,177.49,109.11,197.86,155.67,0.02
20230131103651245,2023-01-31 10:36:51,740.53,210.96,130.94,210.96,187.68,-0.04
20230131103651456,2023-01-31 10:36:51,784.17,213.87,139.67,238.60,192.04,0.00
20230131103651671,2023-01-31 10:36:51,772.53,218.23,135.30,228.41,190.59,-0.04
20230131103651890,2023-01-31 10:36:51,773.99,221.14,133.85,231.32,187.68,0.04
20230131103652090,2023-01-31 10:36:52,776.90,212.41,132.39,244.42,187.68,0.00
20230131103652270,2023-01-31 10:36:52,776.90,222.59,132.39,234.23,187.68,0.02
20230131103652450,2023-01-31 10:36:52,768.17,215.32,129.48,235.69,187.68,0.01
20230131103652646,2023-01-31 10:36:52,605.22,171.67,98.93,189.13,145.49,-0.03
20230131103653121,2023-01-31 10:36:53,117.84,27.64,21.82,43.65,24.73,0.01
20230131103653436,2023-01-31 10:36:53,27.64,7.27,0.00,16.00,4.36,-0.01
20230131103653792,2023-01-31 10:36:53,13.09,-1.45,-1.45,16.00,0.00,-0.01
20230131103654141,2023-01-31 10:36:54,0.00,1.45,-1.45,0.00,0.00,0.03
20230131103654445,2023-01-31 10:36:54,2.91,-5.82,2.91,5.82,0.00,-0.01
20230131103654749,2023-01-31 10:36:54,10.18,1.45,2.91,4.36,1.45,0.02
20230131103655066,2023-01-31 10:36:55,53.83,11.64,1.45,26.19,14.55,-0.01
20230131103655671,2023-01-31 10:36:55,110.57,26.19,13.09,46.56,24.73,0.00
20230131103655984,2023-01-31 10:36:55,177.49,53.83,24.73,59.65,39.28,0.01
20230131103656184,2023-01-31 10:36:56,256.06,74.20,37.83,78.56,65.47,-0.01
20230131103656365,2023-01-31 10:36:56,404.45,120.75,65.47,120.75,97.48,0.03
20230131103656549,2023-01-31 10:36:56,529.57,158.58,88.75,152.76,129.48,0.02
20230131103656734,2023-01-31 10:36:56,661.96,194.95,116.39,186.22,164.40,0.00
20230131103656925,2023-01-31 10:36:56,672.15,189.13,120.75,196.41,165.85,-0.01
20230131103657114,2023-01-31 10:36:57,682.33,197.86,117.84,199.32,167.31,0.02
20230131103657330,2023-01-31 10:36:57,673.60,197.86,116.39,196.41,162.94,-0.03
20230131103657544,2023-01-31 10:36:57,378.27,110.57,53.83,125.12,88.75,0.00
20230131103657895,2023-01-31 10:36:57,78.56,11.64,11.64,37.83,17.46,-0.01
20230131103658154,2023-01-31 10:36:58,14.55,8.73,-1.45,2.91,4.36,-0.01
20230131103658373,2023-01-31 10:36:58,17.46,-5.82,1.45,18.91,2.91,-0.03
20230131103658586,2023-01-31 10:36:58,16.00,-1.45,2.91,13.09,1.45,-0.01
20230131103658804,2023-01-31 10:36:58,1.45,-1.45,2.91,1.45,-1.45,0.01
20230131103659013,2023-01-31 10:36:59,11.64,1.45,0.00,7.27,2.91,0.02
20230131103659244,2023-01-31 10:36:59,39.28,13.09,4.36,8.73,13.09,0.00
20230131103659486,2023-01-31 10:36:59,91.66,32.01,11.64,23.28,24.73,0.01
20230131103659696,2023-01-31 10:36:59,176.04,48.01,18.91,65.47,43.65,-0.01
20230131103659910,2023-01-31 10:36:59,292.43,85.84,42.19,96.02,68.38,0.02
20230131103700276,2023-01-31 10:37:00,391.36,116.39,64.01,113.48,97.48,-0.02
20230131103700474,2023-01-31 10:37:00,560.12,165.85,94.57,160.04,139.67,0.00
20230131103700655,2023-01-31 10:37:00,693.97,196.41,122.21,199.32,176.04,0.03
20230131103700840,2023-01-31 10:37:00,778.35,221.14,139.67,225.50,192.04,-0.01
20230131103701021,2023-01-31 10:37:01,794.36,228.41,141.12,232.78,192.04,0.02
20230131103701205,2023-01-31 10:37:01,785.63,222.59,139.67,234.23,189.13,0.00
20230131103701426,2023-01-31 10:37:01,785.63,222.59,133.85,241.51,187.68,0.00
20230131103701639,2023-01-31 10:37:01,775.44,221.14,139.67,225.50,189.13,-0.02
20230131103701852,2023-01-31 10:37:01,791.45,224.05,132.39,247.33,187.68,-0.02
20230131103702070,2023-01-31 10:37:02,660.51,187.68,109.11,212.41,151.31,0.04
20230131103702271,2023-01-31 10:37:02,149.85,39.28,20.37,61.10,29.10,0.01
20230131103702620,2023-01-31 10:37:02,8.73,-1.45,2.91,4.36,2.91,0.01
20230131103702830,2023-01-31 10:37:02,11.64,2.91,4.36,0.00,4.36,-0.01
20230131103703038,2023-01-31 10:37:03,21.82,-2.91,5.82,16.00,2.91,-0.03
20230131103703253,2023-01-31 10:37:03,18.91,2.91,0.00,13.09,2.91,-0.03
20230131103703497,2023-01-31 10:37:03,26.19,5.82,1.45,14.55,4.36,0.01
20230131103703738,2023-01-31 10:37:03,53.83,13.09,5.82,23.28,11.64,-0.01
20230131103703978,2023-01-31 10:37:03,113.48,33.46,13.09,43.65,23.28,0.02
20230131103704191,2023-01-31 10:37:04,206.59,56.74,24.73,75.65,49.47,-0.03
20230131103704379,2023-01-31 10:37:04,330.25,96.02,53.83,94.57,85.84,-0.01
20230131103704563,2023-01-31 10:37:04,480.11,138.21,81.47,139.67,120.75,0.00
20230131103704901,2023-01-31 10:37:04,637.23,186.22,104.75,190.59,155.67,-0.02
20230131103705085,2023-01-31 10:37:05,788.54,224.05,136.76,240.05,187.68,0.00
20230131103705276,2023-01-31 10:37:05,795.81,229.87,142.58,235.69,187.68,-0.02
20230131103705486,2023-01-31 10:37:05,794.36,221.14,138.21,247.33,187.68,-0.03
20230131103705701,2023-01-31 10:37:05,765.26,221.14,132.39,225.50,186.22,0.02
20230131103705911,2023-01-31 10:37:05,797.27,229.87,133.85,244.42,189.13,0.03
20230131103706165,2023-01-31 10:37:06,660.51,187.68,109.11,213.87,149.85,0.01
20230131103706443,2023-01-31 10:37:06,128.03,32.01,17.46,50.92,27.64,-0.01
20230131103706702,2023-01-31 10:37:06,13.09,1.45,1.45,2.91,7.27,0.01
20230131103707119,2023-01-31 10:37:07,1.45,-2.91,-1.45,1.45,4.36,0.03
20230131103707537,2023-01-31 10:37:07,-1.45,-1.45,0.00,0.00,0.00,-0.01
20230131103707897,2023-01-31 10:37:07,5.82,-4.36,4.36,4.36,1.45,0.02
20230131103708267,2023-01-31 10:37:08,18.91,-2.91,2.91,14.55,4.36,-0.02
20230131103708578,2023-01-31 10:37:08,17.46,1.45,1.45,7.27,7.27,0.02
20230131103708903,2023-01-31 10:37:08,68.38,13.09,5.82,32.01,17.46,0.03
20230131103709216,2023-01-31 10:37:09,132.39,37.83,21.82,42.19,30.55,-0.04
20230131103709608,2023-01-31 10:37:09,210.96,55.28,29.10,78.56,48.01,0.00
20230131103709862,2023-01-31 10:37:09,320.07,93.11,46.56,100.39,80.02,0.00
20230131103710075,2023-01-31 10:37:10,451.01,129.48,72.74,139.67,109.11,-0.02
20230131103710298,2023-01-31 10:37:10,600.86,176.04,97.48,183.31,144.03,0.03
20230131103710499,2023-01-31 10:37:10,692.52,199.32,120.75,203.68,168.76,-0.01
20230131103710681,2023-01-31 10:37:10,736.16,212.41,128.03,219.68,176.04,0.01
20230131103710864,2023-01-31 10:37:10,749.26,206.59,126.57,238.60,177.49,-0.01
20230131103711052,2023-01-31 10:37:11,750.71,208.05,129.48,240.05,173.13,-0.02
20230131103711235,2023-01-31 10:37:11,744.89,206.59,122.21,238.60,177.49,0.02
20230131103711421,2023-01-31 10:37:11,600.86,171.67,97.48,192.04,139.67,-0.01
20230131103711637,2023-01-31 10:37:11,138.21,27.64,17.46,61.10,32.01,-0.01
20230131103712039,2023-01-31 10:37:12,18.91,2.91,2.91,7.27,5.82,-0.01
20230131103712286,2023-01-31 10:37:12,4.36,-2.91,0.00,7.27,0.00,0.02
20230131103712520,2023-01-31 10:37:12,8.73,-4.36,-1.45,7.27,7.27,0.01
20230131103712732,2023-01-31 10:37:12,49.47,7.27,5.82,18.91,17.46,0.03
20230131103712941,2023-01-31 10:37:12,149.85,45.10,21.82,46.56,36.37,-0.03
20230131103713131,2023-01-31 10:37:13,266.24,75.65,40.74,85.84,64.01,-0.01
20230131103713318,2023-01-31 10:37:13,445.19,133.85,65.47,133.85,112.02,0.02
20230131103713511,2023-01-31 10:37:13,653.23,190.59,112.02,186.22,164.40,0.02
20230131103713724,2023-01-31 10:37:13,820.54,225.50,141.12,251.69,202.23,0.03
20230131103713940,2023-01-31 10:37:13,838.00,235.69,146.94,256.06,199.32,0.01
20230131103714317,2023-01-31 10:37:14,820.54,237.14,144.03,238.60,200.77,-0.01
20230131103714541,2023-01-31 10:37:14,840.91,235.69,144.03,258.97,202.23,0.02
20230131103714725,2023-01-31 10:37:14,806.00,229.87,144.03,235.69,196.41,0.00
20230131103714907,2023-01-31 10:37:14,810.36,229.87,141.12,238.60,200.77,-0.03
20230131103715088,2023-01-31 10:37:15,813.27,226.96,141.12,245.87,199.32,-0.01
20230131103715299,2023-01-31 10:37:15,807.45,225.50,139.67,242.96,199.32,0.01
20230131103715491,2023-01-31 10:37:15,340.44,96.02,48.01,120.75,75.65,-0.02
20230131103715702,2023-01-31 10:37:15,49.47,14.55,5.82,17.46,11.64,0.01
20230131103715942,2023-01-31 10:37:15,20.37,2.91,0.00,16.00,1.45,-0.02
20230131103716182,2023-01-31 10:37:16,1.45,2.91,-2.91,0.00,1.45,-0.02
20230131103716492,2023-01-31 10:37:16,-1.45,0.00,-1.45,0.00,0.00,-0.03
20230131103716810,2023-01-31 10:37:16,17.46,-1.45,2.91,10.18,5.82,-0.03
20230131103717023,2023-01-31 10:37:17,71.29,10.18,8.73,32.01,20.37,0.00
20230131103717230,2023-01-31 10:37:17,164.40,46.56,26.19,52.38,39.28,0.00
20230131103717418,2023-01-31 10:37:17,290.97,85.84,42.19,97.48,65.47,-0.01
20230131103717605,2023-01-31 10:37:17,443.73,135.30,71.29,128.03,109.11,0.01
20230131103717814,2023-01-31 10:37:17,539.76,168.76,91.66,154.22,125.12,-0.02
20230131103718023,2023-01-31 10:37:18,542.66,164.40,85.84,170.22,122.21,0.03
20230131103718234,2023-01-31 10:37:18,532.48,165.85,84.38,160.04,122.21,-0.01
20230131103718443,2023-01-31 10:37:18,545.57,170.22,87.29,164.40,123.66,0.00
20230131103718645,2023-01-31 10:37:18,544.12,170.22,84.38,168.76,120.75,0.00
20230131103718979,2023-01-31 10:37:18,539.76,171.67,87.29,157.13,123.66,-0.01
20230131103719168,2023-01-31 10:37:19,523.75,167.31,82.93,151.31,122.21,-0.02
20230131103719360,2023-01-31 10:37:19,531.03,165.85,88.75,152.76,123.66,0.01
20230131103719576,2023-01-31 10:37:19,522.30,168.76,81.47,151.31,120.75,-0.01
20230131103719888,2023-01-31 10:37:19,533.94,161.49,87.29,162.94,122.21,0.00
20230131103720199,2023-01-31 10:37:20,472.83,141.12,77.11,151.31,103.30,-0.02
20230131103720522,2023-01-31 10:37:20,128.03,30.55,17.46,55.28,24.73,-0.01
20230131103720805,2023-01-31 10:37:20,23.28,2.91,-1.45,18.91,2.91,-0.02
20230131103721254,2023-01-31 10:37:21,10.18,2.91,5.82,1.45,0.00,0.01
20230131103721640,2023-01-31 10:37:21,23.28,5.82,-1.45,14.55,4.36,0.03
20230131103722004,2023-01-31 10:37:21,45.10,13.09,5.82,14.55,11.64,0.01
20230131103722363,2023-01-31 10:37:22,103.30,24.73,17.46,36.37,24.73,0.02
20230131103722684,2023-01-31 10:37:22,218.23,68.38,29.10,72.74,48.01,0.02
20230131103722918,2023-01-31 10:37:22,365.17,116.39,53.83,113.48,81.47,0.02
20230131103723099,2023-01-31 10:37:23,535.39,164.40,88.75,160.04,122.21,-0.01
20230131103723287,2023-01-31 10:37:23,625.59,184.77,104.75,190.59,145.49,0.00
20230131103723549,2023-01-31 10:37:23,631.41,193.50,110.57,184.77,142.58,-0.03
20230131103723833,2023-01-31 10:37:23,637.23,192.04,109.11,196.41,139.67,0.01
20230131103724048,2023-01-31 10:37:24,632.87,187.68,107.66,196.41,141.12,0.03
20230131103724266,2023-01-31 10:37:24,627.05,193.50,104.75,187.68,141.12,-0.03
20230131103724477,2023-01-31 10:37:24,634.32,187.68,107.66,199.32,139.67,0.01
20230131103724691,2023-01-31 10:37:24,631.41,189.13,106.21,194.95,141.12,0.01
20230131103724876,2023-01-31 10:37:24,547.03,170.22,93.11,164.40,119.30,0.01
20230131103725056,2023-01-31 10:37:25,110.57,26.19,16.00,46.56,21.82,-0.01
20230131103725238,2023-01-31 10:37:25,30.55,0.00,2.91,21.82,5.82,0.01
20230131103725462,2023-01-31 10:37:25,21.82,7.27,1.45,11.64,1.45,0.00
20230131103725675,2023-01-31 10:37:25,13.09,-4.36,-1.45,14.55,4.36,-0.02
20230131103726097,2023-01-31 10:37:26,4.36,4.36,0.00,0.00,0.00,-0.02
20230131103726337,2023-01-31 10:37:26,14.55,2.91,1.45,5.82,4.36,-0.01
20230131103726581,2023-01-31 10:37:26,10.18,4.36,2.91,2.91,0.00,-0.01
20230131103726816,2023-01-31 10:37:26,36.37,4.36,1.45,21.82,8.73,-0.01
20230131103727030,2023-01-31 10:37:27,66.92,18.91,13.09,18.91,16.00,0.01
20230131103727238,2023-01-31 10:37:27,151.31,45.10,23.28,46.56,36.37,0.01
20230131103727425,2023-01-31 10:37:27,276.42,81.47,36.37,97.48,61.10,0.01
20230131103727606,2023-01-31 10:37:27,397.18,125.12,58.19,125.12,88.75,-0.02
20230131103727788,2023-01-31 10:37:27,565.94,162.94,91.66,176.04,135.30,0.03
20230131103728008,2023-01-31 10:37:27,631.41,184.77,107.66,184.77,154.22,0.03
20230131103728409,2023-01-31 10:37:28,736.16,221.14,125.12,210.96,178.95,-0.02
20230131103728618,2023-01-31 10:37:28,730.34,216.77,126.57,206.59,180.40,0.00
20230131103728829,2023-01-31 10:37:28,746.35,218.23,129.48,219.68,178.95,0.01
20230131103729012,2023-01-31 10:37:28,723.07,213.87,125.12,205.14,178.95,0.00
20230131103729196,2023-01-31 10:37:29,229.87,64.01,29.10,88.75,48.01,0.01
20230131103729386,2023-01-31 10:37:29,29.10,8.73,1.45,8.73,10.18,-0.03
20230131103729593,2023-01-31 10:37:29,27.64,-1.45,5.82,18.91,4.36,0.01
20230131103729804,2023-01-31 10:37:29,17.46,0.00,4.36,11.64,1.45,0.03
20230131103730037,2023-01-31 10:37:30,5.82,-2.91,4.36,0.00,4.36,0.00
20230131103730284,2023-01-31 10:37:30,16.00,2.91,-1.45,13.09,1.45,-0.01
20230131103730662,2023-01-31 10:37:30,8.73,4.36,4.36,0.00,0.00,-0.01
20230131103730942,2023-01-31 10:37:30,0.00,-1.45,0.00,0.00,1.45,0.00
20230131103731150,2023-01-31 10:37:31,23.28,0.00,0.00,17.46,5.82,-0.01
20230131103731360,2023-01-31 10:37:31,46.56,2.91,2.91,27.64,13.09,0.00
20230131103731568,2023-01-31 10:37:31,91.66,23.28,13.09,30.55,24.73,0.01
20230131103731752,2023-01-31 10:37:31,173.13,50.92,26.19,52.38,43.65,0.03
20230131103731944,2023-01-31 10:37:31,254.60,82.93,36.37,77.11,58.19,0.01
20230131103732156,2023-01-31 10:37:32,340.44,101.84,52.38,103.30,82.93,-0.03
20230131103732365,2023-01-31 10:37:32,429.19,138.21,66.92,129.48,94.57,0.00
20230131103732577,2023-01-31 10:37:32,490.29,152.76,77.11,142.58,117.84,-0.01
20230131103732837,2023-01-31 10:37:32,544.12,170.22,85.84,157.13,130.94,0.00
20230131103733238,2023-01-31 10:37:33,544.12,167.31,88.75,158.58,129.48,0.00
20230131103733507,2023-01-31 10:37:33,650.32,187.68,112.02,196.41,154.22,-0.03
20230131103733786,2023-01-31 10:37:33,645.96,189.13,109.11,189.13,158.58,-0.03
20230131103734060,2023-01-31 10:37:34,632.87,186.22,109.11,178.95,158.58,0.04
20230131103734369,2023-01-31 10:37:34,632.87,187.68,107.66,178.95,158.58,0.01
20230131103734689,2023-01-31 10:37:34,579.04,174.58,100.39,168.76,135.30,0.02
20230131103734999,2023-01-31 10:37:34,110.57,27.64,21.82,39.28,21.82,-0.01
20230131103735401,2023-01-31 10:37:35,13.09,0.00,4.36,2.91,5.82,0.01
20230131103735775,2023-01-31 10:37:35,11.64,-4.36,-2.91,14.55,4.36,0.02
20230131103736101,2023-01-31 10:37:36,8.73,0.00,-1.45,7.27,2.91,0.00
20230131103736380,2023-01-31 10:37:36,18.91,-4.36,1.45,17.46,4.36,0.00
20230131103736626,2023-01-31 10:37:36,-1.45,-5.82,1.45,0.00,2.91,0.00
20230131103736873,2023-01-31 10:37:36,17.46,1.45,2.91,11.64,1.45,-0.01
20230131103737100,2023-01-31 10:37:37,4.36,0.00,0.00,0.00,4.36,-0.03
20230131103737307,2023-01-31 10:37:37,-1.45,-1.45,0.00,0.00,0.00,0.01
20230131103737515,2023-01-31 10:37:37,17.46,-1.45,0.00,14.55,4.36,-0.01
20230131103737881,2023-01-31 10:37:37,-2.91,-4.36,1.45,0.00,0.00,-0.01
20230131103738105,2023-01-31 10:37:38,29.10,2.91,2.91,11.64,11.64,-0.02
20230131103738349,2023-01-31 10:37:38,93.11,26.19,16.00,27.64,23.28,0.02
20230131103738571,2023-01-31 10:37:38,170.22,50.92,26.19,50.92,42.19,0.01
20230131103738793,2023-01-31 10:37:38,245.87,77.11,37.83,74.20,56.74,0.01
20230131103739002,2023-01-31 10:37:38,378.27,114.93,56.74,122.21,84.38,0.00
20230131103739193,2023-01-31 10:37:39,526.66,152.76,85.84,160.04,128.03,0.00
20230131103739374,2023-01-31 10:37:39,597.95,176.04,94.57,178.95,148.40,-0.01
20230131103739557,2023-01-31 10:37:39,606.68,183.31,96.02,177.49,149.85,-0.01
20230131103739739,2023-01-31 10:37:39,611.04,178.95,97.48,189.13,145.49,-0.01
20230131103740020,2023-01-31 10:37:39,609.59,176.04,98.93,192.04,142.58,-0.03
20230131103740294,2023-01-31 10:37:40,602.31,178.95,97.48,178.95,146.94,-0.01
20230131103740506,2023-01-31 10:37:40,446.64,130.94,68.38,148.40,98.93,-0.01
20230131103740718,2023-01-31 10:37:40,82.93,18.91,10.18,37.83,16.00,0.01
20230131103740927,2023-01-31 10:37:40,7.27,0.00,2.91,0.00,4.36,-0.03
20230131103741168,2023-01-31 10:37:41,11.64,2.91,4.36,1.45,2.91,0.00
20230131103741380,2023-01-31 10:37:41,0.00,-5.82,2.91,0.00,2.91,0.03
20230131103741595,2023-01-31 10:37:41,-2.91,-4.36,1.45,0.00,0.00,-0.01
20230131103741807,2023-01-31 10:37:41,2.91,-5.82,4.36,0.00,4.36,-0.02
20230131103742021,2023-01-31 10:37:42,-2.91,-5.82,0.00,0.00,2.91,-0.01
20230131103742363,2023-01-31 10:37:42,13.09,-4.36,-1.45,18.91,0.00,0.03
20230131103742678,2023-01-31 10:37:42,-1.45,-1.45,-2.91,0.00,2.91,-0.01
20230131103742921,2023-01-31 10:37:42,4.36,0.00,1.45,0.00,2.91,-0.03
20230131103743171,2023-01-31 10:37:43,5.82,0.00,1.45,4.36,0.00,-0.01
20230131103743382,2023-01-31 10:37:43,34.92,2.91,4.36,20.37,7.27,0.00
20230131103743589,2023-01-31 10:37:43,65.47,17.46,8.73,21.82,17.46,0.01
20230131103743799,2023-01-31 10:37:43,129.48,33.46,14.55,49.47,32.01,0.00
20230131103743980,2023-01-31 10:37:43,215.32,59.65,30.55,71.29,53.83,0.03
20230131103744165,2023-01-31 10:37:44,304.07,94.57,46.56,90.20,72.74,-0.01
20230131103744373,2023-01-31 10:37:44,397.18,120.75,66.92,114.93,94.57,0.03
20230131103744682,2023-01-31 10:37:44,424.82,125.12,65.47,138.21,96.02,-0.01
20230131103744981,2023-01-31 10:37:44,529.57,152.76,82.93,162.94,130.94,0.01
20230131103745191,2023-01-31 10:37:45,635.78,184.77,104.75,192.04,154.22,-0.03
20230131103745380,2023-01-31 10:37:45,621.23,183.31,103.30,180.40,154.22,-0.01
20230131103745564,2023-01-31 10:37:45,632.87,181.86,98.93,197.86,154.22,0.00
20230131103745757,2023-01-31 10:37:45,634.32,184.77,100.39,196.41,152.76,-0.01
20230131103745942,2023-01-31 10:37:45,627.05,187.68,97.48,187.68,154.22,-0.01
20230131103746123,2023-01-31 10:37:46,615.41,184.77,98.93,181.86,149.85,-0.02
20230131103746323,2023-01-31 10:37:46,615.41,183.31,97.48,184.77,149.85,-0.01
20230131103746615,2023-01-31 10:37:46,609.59,178.95,100.39,177.49,152.76,0.03
20230131103747005,2023-01-31 10:37:46,627.05,180.40,98.93,194.95,152.76,-0.02
20230131103747444,2023-01-31 10:37:47,560.12,170.22,87.29,171.67,130.94,0.01
20230131103747702,2023-01-31 10:37:47,158.58,45.10,23.28,58.19,32.01,0.02
20230131103747971,2023-01-31 10:37:47,37.83,4.36,4.36,20.37,8.73,0.01
20230131103748275,2023-01-31 10:37:48,2.91,1.45,0.00,0.00,1.45,0.01
20230131103748629,2023-01-31 10:37:48,4.36,-5.82,-1.45,10.18,1.45,0.02
20230131103749000,2023-01-31 10:37:48,7.27,1.45,4.36,0.00,1.45,0.00
20230131103749380,2023-01-31 10:37:49,14.55,-2.91,0.00,17.46,0.00,-0.01
20230131103749816,2023-01-31 10:37:49,10.18,-2.91,1.45,13.09,-1.45,-0.03
20230131103750027,2023-01-31 10:37:50,5.82,-4.36,1.45,4.36,4.36,0.01
20230131103750243,2023-01-31 10:37:50,2.91,-2.91,0.00,5.82,0.00,0.01
20230131103750470,2023-01-31 10:37:50,18.91,-1.45,2.91,14.55,2.91,-0.01
20230131103750722,2023-01-31 10:37:50,11.64,-5.82,5.82,8.73,2.91,-0.01
20230131103750965,2023-01-31 10:37:50,7.27,0.00,1.45,4.36,1.45,-0.02
20230131103751208,2023-01-31 10:37:51,13.09,-5.82,1.45,16.00,1.45,0.02
20230131103751443,2023-01-31 10:37:51,10.18,0.00,0.00,7.27,2.91,0.01
20230131103751650,2023-01-31 10:37:51,11.64,1.45,0.00,8.73,1.45,0.01
20230131103752020,2023-01-31 10:37:52,11.64,2.91,-2.91,11.64,0.00,0.02
20230131103752235,2023-01-31 10:37:52,4.36,2.91,0.00,0.00,1.45,-0.01
20230131103752459,2023-01-31 10:37:52,2.91,-1.45,-1.45,5.82,0.00,0.01
20230131103752700,2023-01-31 10:37:52,14.55,0.00,1.45,10.18,2.91,-0.02
20230131103752944,2023-01-31 10:37:52,7.27,-4.36,-1.45,10.18,2.91,-0.01
20230131103753190,2023-01-31 10:37:53,13.09,4.36,2.91,4.36,1.45,0.00
20230131103753433,2023-01-31 10:37:53,11.64,-5.82,-2.91,16.00,4.36,-0.02
20230131103753652,2023-01-31 10:37:53,34.92,5.82,0.00,14.55,14.55,-0.01
20230131103753862,2023-01-31 10:37:53,64.01,11.64,5.82,27.64,18.91,0.00
20230131103754160,2023-01-31 10:37:54,72.74,14.55,13.09,23.28,21.82,-0.01
20230131103754458,2023-01-31 10:37:54,122.21,27.64,13.09,53.83,27.64,0.01
20230131103754673,2023-01-31 10:37:54,145.49,48.01,18.91,42.19,36.37,-0.01
20230131103754894,2023-01-31 10:37:54,184.77,53.83,27.64,62.56,40.74,-0.01
20230131103755108,2023-01-31 10:37:55,183.31,50.92,30.55,61.10,40.74,-0.02
20230131103755322,2023-01-31 10:37:55,258.97,77.11,36.37,91.66,53.83,-0.01
20230131103755522,2023-01-31 10:37:55,250.24,77.11,33.46,81.47,58.19,0.02
20230131103755708,2023-01-31 10:37:55,272.06,78.56,40.74,91.66,61.10,0.01
20230131103755889,2023-01-31 10:37:55,341.89,101.84,49.47,112.02,78.56,-0.01
20230131103756078,2023-01-31 10:37:56,395.72,120.75,62.56,122.21,90.20,-0.01
20230131103756265,2023-01-31 10:37:56,398.63,117.84,61.10,128.03,91.66,-0.01
20230131103756639,2023-01-31 10:37:56,410.27,122.21,58.19,136.76,93.11,0.01
20230131103756855,2023-01-31 10:37:56,405.91,122.21,64.01,125.12,94.57,-0.01
20230131103757076,2023-01-31 10:37:57,426.28,126.57,68.38,130.94,100.39,-0.01
20230131103757293,2023-01-31 10:37:57,433.55,129.48,72.74,126.57,104.75,-0.01
20230131103757506,2023-01-31 10:37:57,453.92,139.67,68.38,133.85,112.02,0.05
20230131103757687,2023-01-31 10:37:57,491.74,146.94,75.65,149.85,119.30,-0.03
20230131103757868,2023-01-31 10:37:57,504.84,149.85,81.47,149.85,123.66,0.02
20230131103758056,2023-01-31 10:37:58,506.29,157.13,75.65,152.76,120.75,-0.01
20230131103758238,2023-01-31 10:37:58,603.77,178.95,94.57,184.77,145.49,-0.01
20230131103758423,2023-01-31 10:37:58,612.50,187.68,100.39,173.13,151.31,-0.02
20230131103758633,2023-01-31 10:37:58,599.40,178.95,94.57,178.95,146.94,0.01
20230131103759015,2023-01-31 10:37:59,619.77,186.22,96.02,190.59,146.94,-0.02
20230131103759227,2023-01-31 10:37:59,618.32,187.68,96.02,190.59,144.03,0.01
20230131103759445,2023-01-31 10:37:59,625.59,186.22,98.93,192.04,148.40,0.03
20230131103759645,2023-01-31 10:37:59,596.49,178.95,94.57,174.58,148.40,-0.02
20230131103759844,2023-01-31 10:37:59,605.22,178.95,91.66,187.68,146.94,-0.01
20230131103800104,2023-01-31 10:38:00,599.40,183.31,101.84,170.22,144.03,-0.01
20230131103800365,2023-01-31 10:38:00,613.95,177.49,96.02,192.04,148.40,-0.01
20230131103800651,2023-01-31 10:38:00,597.95,184.77,93.11,176.04,144.03,0.00
20230131103800970,2023-01-31 10:38:00,615.41,178.95,96.02,194.95,145.49,0.04
20230131103801508,2023-01-31 10:38:01,608.13,181.86,96.02,183.31,146.94,-0.02
20230131103801783,2023-01-31 10:38:01,589.22,178.95,93.11,171.67,145.49,0.01
20230131103802053,2023-01-31 10:38:02,576.13,174.58,91.66,173.13,136.76,0.03
20230131103802308,2023-01-31 10:38:02,184.77,50.92,27.64,71.29,34.92,0.01
20230131103802619,2023-01-31 10:38:02,17.46,2.91,2.91,8.73,2.91,-0.01
20230131103802969,2023-01-31 10:38:02,26.19,2.91,2.91,17.46,2.91,0.01
20230131103803282,2023-01-31 10:38:03,16.00,4.36,2.91,4.36,4.36,0.00
20230131103803633,2023-01-31 10:38:03,-1.45,-2.91,-1.45,0.00,2.91,0.01
20230131103803919,2023-01-31 10:38:03,0.00,-2.91,0.00,0.00,2.91,-0.01
20230131103804132,2023-01-31 10:38:04,0.00,-5.82,2.91,2.91,0.00,0.01
20230131103804342,2023-01-31 10:38:04,17.46,2.91,1.45,10.18,2.91,0.01
20230131103804553,2023-01-31 10:38:04,7.27,-4.36,0.00,10.18,1.45,0.01
20230131103804793,2023-01-31 10:38:04,-2.91,-2.91,-2.91,1.45,1.45,0.01
20230131103805041,2023-01-31 10:38:05,-2.91,-2.91,-1.45,0.00,1.45,0.02
20230131103805282,2023-01-31 10:38:05,4.36,-2.91,-2.91,5.82,4.36,0.00
20230131103805522,2023-01-31 10:38:05,10.18,1.45,0.00,7.27,1.45,0.00
20230131103805752,2023-01-31 10:38:05,-4.36,-5.82,1.45,0.00,0.00,0.00
20230131103806120,2023-01-31 10:38:06,4.36,-1.45,1.45,0.00,4.36,-0.01
20230131103806332,2023-01-31 10:38:06,-4.36,-5.82,-1.45,0.00,2.91,-0.01
20230131103806550,2023-01-31 10:38:06,4.36,-1.45,4.36,0.00,1.45,0.01
20230131103806772,2023-01-31 10:38:06,13.09,-5.82,2.91,10.18,5.82,0.03
20230131103807018,2023-01-31 10:38:07,14.55,-5.82,1.45,16.00,2.91,0.01
20230131103807259,2023-01-31 10:38:07,16.00,4.36,-1.45,7.27,5.82,0.02
20230131103807498,2023-01-31 10:38:07,56.74,14.55,4.36,24.73,13.09,0.00
20230131103807744,2023-01-31 10:38:07,93.11,21.82,10.18,39.28,21.82,0.02
20230131103807935,2023-01-31 10:38:07,144.03,42.19,18.91,48.01,34.92,0.00
20230131103808191,2023-01-31 10:38:08,176.04,55.28,23.28,56.74,40.74,0.00
20230131103808455,2023-01-31 10:38:08,272.06,84.38,36.37,88.75,62.56,-0.01
20230131103808645,2023-01-31 10:38:08,322.98,97.48,50.92,98.93,75.65,-0.01
20230131103808838,2023-01-31 10:38:08,401.54,123.66,66.92,116.39,94.57,0.02
20230131103809047,2023-01-31 10:38:09,510.66,148.40,80.02,160.04,122.21,0.02
20230131103809257,2023-01-31 10:38:09,509.20,154.22,81.47,149.85,123.66,0.02
20230131103809467,2023-01-31 10:38:09,542.66,165.85,90.20,157.13,129.48,0.01
20230131103809676,2023-01-31 10:38:09,555.76,161.49,87.29,173.13,133.85,-0.02
20230131103809879,2023-01-31 10:38:09,544.12,167.31,85.84,160.04,130.94,-0.01
20230131103810063,2023-01-31 10:38:10,535.39,160.04,91.66,157.13,126.57,0.03
20230131103810250,2023-01-31 10:38:10,557.21,160.04,88.75,178.95,129.48,0.01
20230131103810543,2023-01-31 10:38:10,541.21,168.76,85.84,160.04,126.57,0.00
20230131103810783,2023-01-31 10:38:10,538.30,161.49,91.66,155.67,129.48,0.02
20230131103810993,2023-01-31 10:38:10,551.39,162.94,87.29,174.58,126.57,0.01
20230131103811207,2023-01-31 10:38:11,547.03,158.58,88.75,173.13,126.57,0.01
20230131103811420,2023-01-31 10:38:11,548.48,165.85,88.75,167.31,126.57,-0.01
20230131103811634,2023-01-31 10:38:11,544.12,165.85,87.29,161.49,129.48,-0.01
20230131103811849,2023-01-31 10:38:11,535.39,158.58,85.84,162.94,128.03,0.02
20230131103812033,2023-01-31 10:38:12,533.94,158.58,84.38,161.49,129.48,0.03
20230131103812219,2023-01-31 10:38:12,536.85,158.58,85.84,162.94,129.48,-0.03
20230131103812404,2023-01-31 10:38:12,532.48,158.58,85.84,160.04,128.03,0.01
20230131103812587,2023-01-31 10:38:12,487.38,146.94,74.20,155.67,110.57,0.00
20230131103812936,2023-01-31 10:38:12,103.30,23.28,17.46,40.74,21.82,0.01
20230131103813157,2023-01-31 10:38:13,10.18,4.36,1.45,2.91,1.45,0.01
20230131103813485,2023-01-31 10:38:13,1.45,-4.36,0.00,5.82,0.00,0.02
20230131103813852,2023-01-31 10:38:13,11.64,-2.91,1.45,10.18,2.91,-0.01
20230131103814164,2023-01-31 10:38:14,-1.45,-4.36,1.45,0.00,1.45,-0.02
20230131103814465,2023-01-31 10:38:14,18.91,1.45,-1.45,13.09,5.82,-0.01
20230131103814769,2023-01-31 10:38:14,5.82,0.00,4.36,0.00,1.45,0.01
20230131103815243,2023-01-31 10:38:15,-1.45,-5.82,1.45,0.00,2.91,0.01
20230131103815673,2023-01-31 10:38:15,8.73,-4.36,-2.91,13.09,2.91,-0.02
20230131103816021,2023-01-31 10:38:16,17.46,0.00,1.45,11.64,4.36,-0.01
20230131103816327,2023-01-31 10:38:16,17.46,0.00,1.45,11.64,4.36,0.00
20230131103816632,2023-01-31 10:38:16,13.09,-2.91,2.91,10.18,2.91,-0.01
20230131103816852,2023-01-31 10:38:16,8.73,-4.36,1.45,8.73,2.91,-0.01
20230131103817101,2023-01-31 10:38:17,-4.36,-4.36,-2.91,0.00,2.91,0.02
20230131103817343,2023-01-31 10:38:17,7.27,-4.36,-1.45,10.18,2.91,-0.01
20230131103817772,2023-01-31 10:38:17,13.09,0.00,1.45,11.64,0.00,-0.03
20230131103818017,2023-01-31 10:38:18,-5.82,-4.36,0.00,0.00,-1.45,-0.01
20230131103818230,2023-01-31 10:38:18,4.36,-1.45,1.45,2.91,1.45,-0.01
20230131103818439,2023-01-31 10:38:18,30.55,2.91,2.91,18.91,5.82,-0.03
20230131103818648,2023-01-31 10:38:18,42.19,10.18,0.00,18.91,13.09,-0.02
20230131103818861,2023-01-31 10:38:18,78.56,21.82,8.73,21.82,26.19,0.00
20230131103819055,2023-01-31 10:38:19,165.85,48.01,26.19,53.83,37.83,0.01
20230131103819270,2023-01-31 10:38:19,208.05,65.47,29.10,64.01,49.47,-0.01
20230131103819483,2023-01-31 10:38:19,222.59,66.92,27.64,74.20,53.83,-0.01
20230131103819696,2023-01-31 10:38:19,299.70,84.38,42.19,98.93,74.20,0.00
20230131103820064,2023-01-31 10:38:20,373.90,109.11,53.83,119.30,91.66,0.03
20230131103820269,2023-01-31 10:38:20,394.27,119.30,59.65,114.93,100.39,0.02
20230131103820452,2023-01-31 10:38:20,448.10,129.48,69.83,133.85,114.93,0.01
20230131103820639,2023-01-31 10:38:20,529.57,155.67,82.93,158.58,132.39,0.01
20230131103820826,2023-01-31 10:38:20,536.85,158.58,78.56,167.31,132.39,-0.01
20230131103821011,2023-01-31 10:38:20,533.94,152.76,81.47,168.76,130.94,-0.02
20230131103821216,2023-01-31 10:38:21,583.40,173.13,87.29,177.49,145.49,0.00
20230131103821431,2023-01-31 10:38:21,603.77,178.95,94.57,174.58,155.67,0.03
20230131103821641,2023-01-31 10:38:21,619.77,183.31,94.57,184.77,157.13,0.01
20230131103821860,2023-01-31 10:38:21,638.69,184.77,100.39,192.04,161.49,0.01
20230131103822078,2023-01-31 10:38:22,647.42,189.13,104.75,192.04,161.49,-0.01
20230131103822419,2023-01-31 10:38:22,648.87,186.22,104.75,196.41,161.49,-0.01
20230131103822599,2023-01-31 10:38:22,634.32,183.31,96.02,194.95,160.04,0.03
20230131103822783,2023-01-31 10:38:22,632.87,183.31,101.84,189.13,158.58,-0.01
20230131103822964,2023-01-31 10:38:22,628.50,180.40,97.48,190.59,160.04,0.01
20230131103823153,2023-01-31 10:38:23,637.23,186.22,100.39,189.13,161.49,-0.01
20230131103823368,2023-01-31 10:38:23,635.78,186.22,101.84,186.22,161.49,0.03
20230131103823581,2023-01-31 10:38:23,640.14,186.22,98.93,193.50,161.49,-0.01
20230131103823796,2023-01-31 10:38:23,631.41,189.13,98.93,181.86,161.49,0.02
20230131103824009,2023-01-31 10:38:23,634.32,186.22,96.02,193.50,158.58,0.01
20230131103824207,2023-01-31 10:38:24,640.14,184.77,96.02,200.77,158.58,0.02
20230131103824388,2023-01-31 10:38:24,634.32,189.13,98.93,186.22,160.04,0.00
20230131103824726,2023-01-31 10:38:24,619.77,181.86,94.57,186.22,157.13,0.00
20230131103824907,2023-01-31 10:38:24,625.59,189.13,93.11,184.77,158.58,-0.01
20230131103825093,2023-01-31 10:38:25,635.78,187.68,96.02,192.04,160.04,-0.02
20230131103825294,2023-01-31 10:38:25,624.14,181.86,97.48,184.77,160.04,0.00
20230131103825508,2023-01-31 10:38:25,629.96,181.86,96.02,190.59,161.49,0.02
20230131103825721,2023-01-31 10:38:25,641.60,189.13,98.93,196.41,157.13,0.01
20230131103825932,2023-01-31 10:38:25,628.50,181.86,100.39,190.59,155.67,-0.03
20230131103826152,2023-01-31 10:38:26,615.41,181.86,98.93,177.49,157.13,0.01
20230131103826338,2023-01-31 10:38:26,634.32,181.86,98.93,197.86,155.67,-0.02
20230131103826524,2023-01-31 10:38:26,622.68,186.22,98.93,181.86,155.67,0.02
20230131103826746,2023-01-31 10:38:26,629.96,184.77,97.48,184.77,162.94,0.03
20230131103827174,2023-01-31 10:38:27,609.59,183.31,94.57,180.40,151.31,0.00
20230131103827483,2023-01-31 10:38:27,209.50,53.83,30.55,81.47,43.65,-0.03
20230131103827797,2023-01-31 10:38:27,40.74,10.18,4.36,21.82,4.36,0.03
20230131103828148,2023-01-31 10:38:28,13.09,1.45,1.45,5.82,4.36,0.01
20230131103828469,2023-01-31 10:38:28,2.91,-5.82,5.82,1.45,1.45,0.01
20230131103828773,2023-01-31 10:38:28,4.36,2.91,-1.45,0.00,2.91,0.01
20230131103829089,2023-01-31 10:38:29,10.18,1.45,5.82,0.00,2.91,0.01
20230131103829666,2023-01-31 10:38:29,-1.45,-5.82,1.45,1.45,1.45,-0.01
20230131103830023,2023-01-31 10:38:30,20.37,1.45,-1.45,16.00,4.36,-0.01
20230131103830291,2023-01-31 10:38:30,0.00,-4.36,1.45,0.00,2.91,0.01
20230131103830510,2023-01-31 10:38:30,2.91,-2.91,-1.45,4.36,2.91,-0.01
20230131103830719,2023-01-31 10:38:30,1.45,-1.45,2.91,0.00,0.00,-0.02
20230131103830931,2023-01-31 10:38:30,0.00,-4.36,1.45,0.00,2.91,0.02
20230131103831140,2023-01-31 10:38:31,11.64,1.45,0.00,10.18,0.00,-0.01
20230131103831373,2023-01-31 10:38:31,5.82,0.00,4.36,0.00,1.45,-0.01
20230131103831684,2023-01-31 10:38:31,13.09,-1.45,0.00,14.55,0.00,-0.01
20230131103832048,2023-01-31 10:38:32,5.82,0.00,-1.45,5.82,1.45,0.02
20230131103832293,2023-01-31 10:38:32,8.73,-5.82,4.36,8.73,1.45,0.01
20230131103832503,2023-01-31 10:38:32,11.64,1.45,0.00,8.73,1.45,0.01
20230131103832713,2023-01-31 10:38:32,-1.45,-4.36,-1.45,1.45,2.91,-0.01
20230131103832921,2023-01-31 10:38:32,8.73,-2.91,-2.91,14.55,0.00,0.01
20230131103833130,2023-01-31 10:38:33,17.46,1.45,1.45,11.64,2.91,-0.03
20230131103833341,2023-01-31 10:38:33,13.09,-1.45,2.91,5.82,5.82,-0.02
20230131103833587,2023-01-31 10:38:33,37.83,4.36,1.45,20.37,11.64,-0.03
20230131103833831,2023-01-31 10:38:33,58.19,10.18,7.27,21.82,18.91,0.01
20230131103834257,2023-01-31 10:38:34,101.84,27.64,14.55,30.55,29.10,-0.02
20230131103834460,2023-01-31 10:38:34,141.12,36.37,20.37,46.56,37.83,-0.01
20230131103834646,2023-01-31 10:38:34,222.59,62.56,30.55,72.74,56.74,-0.01
20230131103834834,2023-01-31 10:38:34,272.06,81.47,42.19,77.11,71.29,0.00
20230131103835015,2023-01-31 10:38:35,337.53,96.02,53.83,101.84,85.84,-0.02
20230131103835196,2023-01-31 10:38:35,433.55,125.12,65.47,133.85,109.11,0.03
20230131103835377,2023-01-31 10:38:35,436.46,133.85,68.38,126.57,107.66,0.00
20230131103835591,2023-01-31 10:38:35,506.29,145.49,77.11,160.04,123.66,-0.01
20230131103835806,2023-01-31 10:38:35,564.49,161.49,88.75,168.76,145.49,-0.01
20230131103836018,2023-01-31 10:38:36,619.77,178.95,100.39,189.13,151.31,0.01
20230131103836233,2023-01-31 10:38:36,622.68,181.86,100.39,190.59,149.85,-0.01
20230131103836596,2023-01-31 10:38:36,612.50,174.58,96.02,192.04,149.85,-0.03
20230131103836779,2023-01-31 10:38:36,616.86,178.95,94.57,194.95,148.40,0.01
20230131103836967,2023-01-31 10:38:36,603.77,178.95,96.02,177.49,151.31,-0.03
20230131103837148,2023-01-31 10:38:37,602.31,174.58,96.02,184.77,146.94,0.03
20230131103837337,2023-01-31 10:38:37,568.85,167.31,91.66,168.76,141.12,0.03
20230131103837548,2023-01-31 10:38:37,226.96,61.10,34.92,80.02,50.92,-0.01
20230131103837761,2023-01-31 10:38:37,33.46,11.64,2.91,10.18,8.73,-0.01
20230131103838005,2023-01-31 10:38:37,11.64,0.00,0.00,8.73,2.91,0.01
20230131103838246,2023-01-31 10:38:38,13.09,-5.82,0.00,14.55,4.36,-0.01
20230131103838484,2023-01-31 10:38:38,5.82,1.45,1.45,1.45,1.45,0.01
20230131103838813,2023-01-31 10:38:38,1.45,1.45,-1.45,0.00,1.45,0.01
20230131103839061,2023-01-31 10:38:39,10.18,2.91,-1.45,5.82,2.91,-0.03
20230131103839274,2023-01-31 10:38:39,5.82,-5.82,0.00,10.18,1.45,0.00
20230131103839488,2023-01-31 10:38:39,16.00,1.45,-2.91,16.00,1.45,-0.01
20230131103839730,2023-01-31 10:38:39,-4.36,-5.82,-1.45,0.00,2.91,0.01
20230131103839977,2023-01-31 10:38:39,7.27,-4.36,0.00,10.18,1.45,-0.01
20230131103840221,2023-01-31 10:38:40,4.36,-2.91,-1.45,7.27,1.45,0.01
20230131103840463,2023-01-31 10:38:40,10.18,1.45,-1.45,10.18,0.00,-0.02
20230131103840681,2023-01-31 10:38:40,14.55,-4.36,1.45,14.55,2.91,0.03
20230131103841021,2023-01-31 10:38:40,7.27,-4.36,-1.45,13.09,0.00,0.02
20230131103841448,2023-01-31 10:38:41,7.27,-5.82,-1.45,11.64,2.91,-0.01
20230131103841796,2023-01-31 10:38:41,-4.36,-1.45,-2.91,0.00,0.00,0.01
20230131103842169,2023-01-31 10:38:42,1.45,2.91,-4.36,1.45,1.45,0.01
20230131103842545,2023-01-31 10:38:42,11.64,5.82,-4.36,8.73,1.45,-0.01
20230131103842871,2023-01-31 10:38:42,10.18,-1.45,1.45,7.27,2.91,0.03
20230131103843168,2023-01-31 10:38:43,17.46,1.45,1.45,14.55,0.00,0.03
20230131103843694,2023-01-31 10:38:43,1.45,-1.45,0.00,0.00,2.91,0.01
20230131103844058,2023-01-31 10:38:44,1.45,1.45,-1.45,1.45,0.00,-0.03
20230131103844352,2023-01-31 10:38:44,14.55,0.00,-4.36,17.46,1.45,0.00
20230131103844593,2023-01-31 10:38:44,5.82,4.36,-4.36,1.45,4.36,0.01
20230131103844808,2023-01-31 10:38:44,0.00,1.45,-1.45,0.00,0.00,0.03
20230131103845016,2023-01-31 10:38:45,11.64,2.91,-2.91,8.73,2.91,-0.03
20230131103845226,2023-01-31 10:38:45,-1.45,-1.45,-1.45,0.00,1.45,0.00
20230131103845440,2023-01-31 10:38:45,-5.82,-1.45,-2.91,0.00,-1.45,0.02
20230131103845655,2023-01-31 10:38:45,7.27,0.00,-4.36,13.09,-1.45,-0.01
20230131103846091,2023-01-31 10:38:46,7.27,-1.45,0.00,8.73,0.00,-0.01
20230131103846338,2023-01-31 10:38:46,2.91,1.45,-1.45,1.45,1.45,0.01
20230131103846587,2023-01-31 10:38:46,2.91,1.45,-1.45,0.00,2.91,0.01
20230131103846806,2023-01-31 10:38:46,8.73,1.45,-4.36,11.64,0.00,0.01
20230131103847015,2023-01-31 10:38:47,-2.91,0.00,-1.45,0.00,-1.45,-0.01
20230131103847225,2023-01-31 10:38:47,1.45,0.00,1.45,0.00,0.00,0.02
20230131103847437,2023-01-31 10:38:47,-2.91,-2.91,-4.36,0.00,4.36,0.03
20230131103847649,2023-01-31 10:38:47,5.82,0.00,2.91,0.00,2.91,-0.01
20230131103847890,2023-01-31 10:38:47,4.36,5.82,-2.91,1.45,0.00,0.01
20230131103848244,2023-01-31 10:38:48,2.91,0.00,0.00,2.91,0.00,0.00
20230131103848577,2023-01-31 10:38:48,11.64,0.00,0.00,11.64,0.00,0.01
20230131103848800,2023-01-31 10:38:48,5.82,1.45,1.45,1.45,1.45,0.01
20230131103849017,2023-01-31 10:38:49,1.45,1.45,-4.36,0.00,4.36,0.01
20230131103849227,2023-01-31 10:38:49,8.73,-1.45,0.00,5.82,4.36,0.03
20230131103849436,2023-01-31 10:38:49,20.37,1.45,-4.36,20.37,2.91,0.01
20230131103849649,2023-01-31 10:38:49,30.55,0.00,2.91,20.37,7.27,0.02
20230131103849880,2023-01-31 10:38:49,42.19,8.73,1.45,18.91,13.09,-0.02
20230131103850130,2023-01-31 10:38:50,93.11,16.00,10.18,40.74,26.19,0.02
20230131103850340,2023-01-31 10:38:50,144.03,29.10,20.37,56.74,37.83,0.00
20230131103850719,2023-01-31 10:38:50,200.77,53.83,26.19,68.38,52.38,0.03
20230131103850931,2023-01-31 10:38:50,253.15,75.65,36.37,71.29,69.83,-0.03
20230131103851113,2023-01-31 10:38:51,324.43,98.93,45.10,97.48,82.93,0.01
20230131103851295,2023-01-31 10:38:51,386.99,112.02,58.19,114.93,101.84,0.01
20230131103851482,2023-01-31 10:38:51,449.55,128.03,62.56,144.03,114.93,-0.01
20230131103851666,2023-01-31 10:38:51,516.48,157.13,75.65,149.85,133.85,0.03
20230131103851862,2023-01-31 10:38:51,533.94,157.13,80.02,165.85,130.94,0.02
20230131103852078,2023-01-31 10:38:52,517.93,152.76,74.20,157.13,133.85,-0.01
20230131103852287,2023-01-31 10:38:52,532.48,155.67,80.02,164.40,132.39,0.02
20230131103852503,2023-01-31 10:38:52,512.11,152.76,71.29,158.58,129.48,0.00
20230131103852729,2023-01-31 10:38:52,517.93,151.31,80.02,157.13,129.48,0.03
20230131103853084,2023-01-31 10:38:53,525.21,151.31,77.11,164.40,132.39,0.00
20230131103853265,2023-01-31 10:38:53,193.50,52.38,27.64,68.38,45.10,-0.01
20230131103853447,2023-01-31 10:38:53,37.83,7.27,4.36,18.91,7.27,0.01
20230131103853655,2023-01-31 10:38:53,0.00,0.00,-4.36,0.00,4.36,0.00
20230131103853871,2023-01-31 10:38:53,4.36,1.45,0.00,0.00,2.91,0.00
20230131103854116,2023-01-31 10:38:54,-2.91,-1.45,-2.91,1.45,0.00,0.01
20230131103854365,2023-01-31 10:38:54,2.91,-2.91,-1.45,7.27,0.00,-0.01
20230131103854612,2023-01-31 10:38:54,0.00,2.91,-4.36,0.00,1.45,-0.03
20230131103854864,2023-01-31 10:38:54,14.55,-1.45,0.00,7.27,8.73,-0.01
20230131103855313,2023-01-31 10:38:55,49.47,11.64,1.45,17.46,18.91,0.01
20230131103855713,2023-01-31 10:38:55,113.48,29.10,14.55,36.37,33.46,-0.02
20230131103855998,2023-01-31 10:38:55,203.68,55.28,27.64,69.83,50.92,0.05
20230131103856312,2023-01-31 10:38:56,299.70,88.75,40.74,90.20,80.02,-0.02
20230131103856634,2023-01-31 10:38:56,370.99,107.66,52.38,119.30,91.66,-0.03
20230131103856932,2023-01-31 10:38:56,440.82,123.66,64.01,136.76,116.39,0.00
20230131103857215,2023-01-31 10:38:57,468.47,136.76,74.20,139.67,117.84,-0.01
20230131103857468,2023-01-31 10:38:57,467.01,135.30,68.38,145.49,117.84,-0.01
20230131103857947,2023-01-31 10:38:57,462.65,136.76,66.92,139.67,119.30,-0.01
20230131103858257,2023-01-31 10:38:58,548.48,160.04,88.75,155.67,144.03,0.01
20230131103858475,2023-01-31 10:38:58,576.13,162.94,90.20,170.22,152.76,0.03
20230131103858692,2023-01-31 10:38:58,580.49,168.76,85.84,174.58,151.31,-0.01
20230131103858905,2023-01-31 10:38:58,580.49,165.85,93.11,174.58,146.94,0.02
20230131103859095,2023-01-31 10:38:59,581.95,170.22,88.75,174.58,148.40,0.04
20230131103859280,2023-01-31 10:38:59,565.94,168.76,90.20,161.49,145.49,0.03
20230131103859461,2023-01-31 10:38:59,570.31,162.94,82.93,176.04,148.40,-0.01
20230131103859645,2023-01-31 10:38:59,472.83,141.12,71.29,142.58,117.84,-0.01
20230131103859832,2023-01-31 10:38:59,138.21,39.28,14.55,50.92,33.46,0.03
20230131103900182,2023-01-31 10:39:00,27.64,5.82,2.91,11.64,7.27,0.03
20230131103900465,2023-01-31 10:39:00,7.27,4.36,0.00,1.45,1.45,-0.01
20230131103900710,2023-01-31 10:39:00,10.18,1.45,-2.91,8.73,2.91,0.00
20230131103900955,2023-01-31 10:39:00,11.64,2.91,1.45,8.73,-1.45,-0.02
20230131103901175,2023-01-31 10:39:01,7.27,4.36,-1.45,2.91,1.45,-0.02
20230131103901383,2023-01-31 10:39:01,2.91,1.45,-2.91,0.00,4.36,0.03
20230131103901595,2023-01-31 10:39:01,20.37,-1.45,-1.45,18.91,4.36,0.01
20230131103901811,2023-01-31 10:39:01,45.10,10.18,1.45,20.37,13.09,0.00
20230131103902023,2023-01-31 10:39:02,74.20,21.82,7.27,21.82,23.28,-0.02
20230131103902318,2023-01-31 10:39:02,174.58,53.83,24.73,52.38,43.65,0.03
20230131103902676,2023-01-31 10:39:02,295.34,91.66,40.74,87.29,75.65,0.00
20230131103902888,2023-01-31 10:39:02,443.73,129.48,65.47,129.48,119.30,0.02
20230131103903089,2023-01-31 10:39:03,640.14,183.31,101.84,187.68,167.31,0.01
20230131103903280,2023-01-31 10:39:03,794.36,224.05,128.03,237.14,205.14,0.00
20230131103903464,2023-01-31 10:39:03,811.81,232.78,132.39,241.51,205.14,-0.03
20230131103903644,2023-01-31 10:39:03,813.27,231.32,129.48,244.42,208.05,0.01
20230131103903825,2023-01-31 10:39:03,810.36,232.78,129.48,244.42,203.68,0.01
20230131103904008,2023-01-31 10:39:03,811.81,231.32,130.94,245.87,203.68,0.01
20230131103904221,2023-01-31 10:39:04,789.99,232.78,125.12,229.87,202.23,0.00
20230131103904430,2023-01-31 10:39:04,807.45,232.78,130.94,241.51,202.23,0.01
20230131103904684,2023-01-31 10:39:04,797.27,231.32,123.66,241.51,200.77,0.03
20230131103905036,2023-01-31 10:39:05,804.54,229.87,130.94,244.42,199.32,0.01
20230131103905230,2023-01-31 10:39:05,285.15,77.11,34.92,106.21,66.92,0.01
20230131103905410,2023-01-31 10:39:05,50.92,8.73,4.36,29.10,8.73,-0.02
20230131103905624,2023-01-31 10:39:05,7.27,2.91,-1.45,1.45,4.36,0.02
20230131103905832,2023-01-31 10:39:05,1.45,1.45,-4.36,0.00,4.36,0.03
20230131103906040,2023-01-31 10:39:06,10.18,2.91,2.91,2.91,1.45,0.02
20230131103906271,2023-01-31 10:39:06,16.00,4.36,2.91,7.27,1.45,0.02
20230131103906518,2023-01-31 10:39:06,4.36,2.91,0.00,0.00,1.45,-0.01
20230131103906759,2023-01-31 10:39:06,20.37,2.91,2.91,8.73,5.82,-0.01
20230131103907072,2023-01-31 10:39:07,53.83,8.73,7.27,24.73,13.09,-0.01
20230131103907399,2023-01-31 10:39:07,110.57,26.19,16.00,40.74,27.64,0.01
20230131103907583,2023-01-31 10:39:07,171.67,46.56,27.64,50.92,46.56,0.04
20230131103907764,2023-01-31 10:39:07,237.14,77.11,27.64,66.92,65.47,0.00
20230131103907946,2023-01-31 10:39:07,392.81,113.48,56.74,123.66,98.93,0.01
20230131103908130,2023-01-31 10:39:08,517.93,146.94,80.02,158.58,132.39,-0.03
20230131103908349,2023-01-31 10:39:08,643.05,181.86,101.84,192.04,167.31,0.01
20230131103908563,2023-01-31 10:39:08,743.44,216.77,125.12,210.96,190.59,0.02
20230131103908779,2023-01-31 10:39:08,757.98,218.23,123.66,225.50,190.59,0.01
20230131103909043,2023-01-31 10:39:09,763.80,219.68,119.30,232.78,192.04,0.00
20230131103909370,2023-01-31 10:39:09,760.89,216.77,120.75,234.23,189.13,0.01
20230131103909788,2023-01-31 10:39:09,743.44,216.77,117.84,216.77,192.04,0.02
20230131103910055,2023-01-31 10:39:10,759.44,224.05,120.75,224.05,190.59,0.01
20230131103910351,2023-01-31 10:39:10,523.75,158.58,78.56,155.67,130.94,-0.01
20230131103910668,2023-01-31 10:39:10,87.29,21.82,14.55,32.01,18.91,0.01
20230131103911005,2023-01-31 10:39:10,24.73,2.91,0.00,20.37,1.45,0.00
20230131103911346,2023-01-31 10:39:11,11.64,-1.45,-4.36,13.09,4.36,-0.01
20230131103911657,2023-01-31 10:39:11,-5.82,-2.91,-2.91,0.00,0.00,-0.01
20230131103912162,2023-01-31 10:39:12,27.64,1.45,4.36,18.91,2.91,0.01
20230131103912445,2023-01-31 10:39:12,11.64,1.45,-1.45,10.18,1.45,0.01
20230131103912695,2023-01-31 10:39:12,0.00,4.36,-4.36,0.00,0.00,0.03
20230131103912939,2023-01-31 10:39:12,18.91,0.00,-4.36,17.46,5.82,0.00
20230131103913191,2023-01-31 10:39:13,53.83,14.55,4.36,18.91,16.00,0.00
20230131103913423,2023-01-31 10:39:13,113.48,33.46,14.55,34.92,30.55,0.01
20230131103913607,2023-01-31 10:39:13,199.32,64.01,23.28,56.74,55.28,-0.01
20230131103913801,2023-01-31 10:39:13,338.98,98.93,50.92,103.30,85.84,0.01
20230131103913985,2023-01-31 10:39:13,467.01,138.21,62.56,141.12,125.12,-0.01
20230131103914258,2023-01-31 10:39:14,659.05,183.31,106.21,193.50,176.04,0.00
20230131103914549,2023-01-31 10:39:14,701.25,194.95,112.02,212.41,181.86,-0.01
20230131103914759,2023-01-31 10:39:14,709.97,200.77,113.48,213.87,181.86,-0.01
20230131103914973,2023-01-31 10:39:14,696.88,202.23,110.57,203.68,180.40,0.03
20230131103915186,2023-01-31 10:39:15,698.34,202.23,113.48,205.14,177.49,0.00
20230131103915387,2023-01-31 10:39:15,689.61,197.86,112.02,203.68,176.04,-0.01
20230131103915569,2023-01-31 10:39:15,692.52,197.86,110.57,208.05,176.04,-0.02
20230131103915750,2023-01-31 10:39:15,702.70,200.77,110.57,215.32,176.04,-0.01
20230131103915933,2023-01-31 10:39:15,688.15,199.32,106.21,205.14,177.49,0.00
20230131103916120,2023-01-31 10:39:16,688.15,196.41,110.57,205.14,176.04,0.01
20230131103916303,2023-01-31 10:39:16,682.33,196.41,110.57,200.77,174.58,0.01
20230131103916623,2023-01-31 10:39:16,680.88,199.32,109.11,194.95,177.49,0.00
20230131103916920,2023-01-31 10:39:16,685.24,200.77,106.21,199.32,178.95,0.00
20230131103917135,2023-01-31 10:39:17,689.61,196.41,107.66,209.50,176.04,-0.01
20230131103917349,2023-01-31 10:39:17,677.97,196.41,110.57,194.95,176.04,-0.01
20230131103917540,2023-01-31 10:39:17,651.78,189.13,106.21,196.41,160.04,0.01
20230131103917721,2023-01-31 10:39:17,122.21,30.55,16.00,43.65,32.01,-0.01
20230131103917904,2023-01-31 10:39:17,29.10,1.45,1.45,23.28,2.91,-0.01
20230131103918121,2023-01-31 10:39:18,16.00,2.91,-4.36,14.55,2.91,-0.01
20230131103918332,2023-01-31 10:39:18,16.00,4.36,-4.36,16.00,0.00,0.01
20230131103918573,2023-01-31 10:39:18,-5.82,-2.91,-4.36,0.00,1.45,0.01
20230131103918882,2023-01-31 10:39:18,20.37,5.82,2.91,7.27,4.36,0.01
20230131103919253,2023-01-31 10:39:19,59.65,17.46,5.82,21.82,14.55,-0.01
20230131103919482,2023-01-31 10:39:19,123.66,33.46,10.18,50.92,29.10,-0.01
20230131103919666,2023-01-31 10:39:19,213.87,61.10,26.19,75.65,50.92,0.03
20230131103919858,2023-01-31 10:39:19,298.25,93.11,43.65,87.29,74.20,-0.02
20230131103920047,2023-01-31 10:39:20,398.63,119.30,59.65,126.57,93.11,-0.02
20230131103920235,2023-01-31 10:39:20,484.47,146.94,66.92,151.31,119.30,0.01
20230131103920424,2023-01-31 10:39:20,500.47,145.49,72.74,160.04,122.21,-0.02
20230131103920641,2023-01-31 10:39:20,491.74,148.40,72.74,145.49,125.12,-0.04
20230131103920856,2023-01-31 10:39:20,490.29,145.49,74.20,151.31,119.30,0.00
20230131103921078,2023-01-31 10:39:21,484.47,149.85,65.47,149.85,119.30,-0.02
20230131103921490,2023-01-31 10:39:21,497.56,144.03,72.74,157.13,123.66,-0.02
20230131103921674,2023-01-31 10:39:21,539.76,157.13,78.56,171.67,132.39,0.01
20230131103921858,2023-01-31 10:39:21,532.48,154.22,81.47,162.94,133.85,-0.01
20230131103922046,2023-01-31 10:39:22,542.66,160.04,75.65,174.58,132.39,-0.01
20230131103922228,2023-01-31 10:39:22,522.30,155.67,74.20,160.04,132.39,-0.01
20230131103922437,2023-01-31 10:39:22,523.75,160.04,82.93,152.76,128.03,-0.01
20230131103922753,2023-01-31 10:39:22,525.21,155.67,75.65,165.85,128.03,-0.01
20230131103923065,2023-01-31 10:39:23,145.49,36.37,18.91,62.56,27.64,0.03
20230131103923398,2023-01-31 10:39:23,2.91,4.36,-2.91,0.00,1.45,0.00
20230131103923946,2023-01-31 10:39:23,11.64,-1.45,-2.91,16.00,0.00,0.00
20230131103924248,2023-01-31 10:39:24,17.46,2.91,0.00,11.64,2.91,-0.01
20230131103924566,2023-01-31 10:39:24,18.91,0.00,0.00,17.46,1.45,0.00
20230131103924947,2023-01-31 10:39:24,1.45,-1.45,0.00,2.91,0.00,0.01
20230131103925310,2023-01-31 10:39:25,17.46,4.36,-1.45,11.64,2.91,0.00
20230131103925642,2023-01-31 10:39:25,11.64,-1.45,1.45,10.18,1.45,0.00
20230131103925856,2023-01-31 10:39:25,14.55,-1.45,-2.91,16.00,2.91,0.03
20230131103926226,2023-01-31 10:39:26,33.46,4.36,1.45,20.37,7.27,-0.01
20230131103926434,2023-01-31 10:39:26,21.82,7.27,1.45,1.45,11.64,-0.01
20230131103926658,2023-01-31 10:39:26,30.55,5.82,2.91,10.18,11.64,-0.01
20230131103926899,2023-01-31 10:39:26,34.92,7.27,1.45,20.37,5.82,0.00
20230131103927141,2023-01-31 10:39:27,34.92,5.82,-1.45,20.37,10.18,-0.02
20230131103927386,2023-01-31 10:39:27,30.55,7.27,1.45,11.64,10.18,0.02
20230131103927625,2023-01-31 10:39:27,33.46,7.27,2.91,16.00,7.27,-0.01
20230131103927841,2023-01-31 10:39:27,24.73,8.73,0.00,7.27,8.73,0.03
20230131103928055,2023-01-31 10:39:28,26.19,2.91,-2.91,16.00,10.18,0.00
20230131103928354,2023-01-31 10:39:28,23.28,4.36,0.00,11.64,7.27,0.04
20230131103928640,2023-01-31 10:39:28,32.01,5.82,4.36,13.09,8.73,0.02
20230131103928892,2023-01-31 10:39:28,23.28,8.73,2.91,4.36,7.27,-0.02
20230131103929135,2023-01-31 10:39:29,17.46,2.91,5.82,0.00,8.73,0.00
20230131103929376,2023-01-31 10:39:29,30.55,5.82,0.00,16.00,8.73,-0.01
20230131103929625,2023-01-31 10:39:29,20.37,2.91,0.00,11.64,5.82,0.00
20230131103929842,2023-01-31 10:39:29,14.55,5.82,1.45,1.45,5.82,0.01
20230131103930051,2023-01-31 10:39:30,39.28,10.18,0.00,23.28,5.82,0.01
20230131103930270,2023-01-31 10:39:30,18.91,4.36,1.45,5.82,7.27,0.00
20230131103930478,2023-01-31 10:39:30,33.46,2.91,4.36,14.55,11.64,0.01
20230131103930883,2023-01-31 10:39:30,21.82,4.36,1.45,10.18,5.82,0.00
20230131103931132,2023-01-31 10:39:31,34.92,4.36,4.36,17.46,8.73,0.01
20230131103931377,2023-01-31 10:39:31,30.55,7.27,2.91,11.64,8.73,0.00
20230131103931626,2023-01-31 10:39:31,39.28,10.18,1.45,21.82,5.82,0.01
20230131103931845,2023-01-31 10:39:31,17.46,7.27,-1.45,4.36,7.27,-0.01
20230131103932058,2023-01-31 10:39:32,40.74,7.27,4.36,23.28,5.82,-0.01
20230131103932272,2023-01-31 10:39:32,13.09,2.91,-1.45,1.45,10.18,-0.03
20230131103932483,2023-01-31 10:39:32,21.82,2.91,4.36,5.82,8.73,0.01
20230131103932699,2023-01-31 10:39:32,33.46,4.36,0.00,18.91,10.18,0.01
20230131103933092,2023-01-31 10:39:33,18.91,8.73,-4.36,8.73,5.82,0.01
20230131103933380,2023-01-31 10:39:33,33.46,7.27,-1.45,21.82,5.82,-0.01
20230131103933624,2023-01-31 10:39:33,36.37,7.27,1.45,17.46,10.18,-0.01
20230131103933851,2023-01-31 10:39:33,24.73,5.82,-2.91,16.00,5.82,0.00
20230131103934072,2023-01-31 10:39:34,8.73,4.36,-4.36,1.45,7.27,-0.02
20230131103934285,2023-01-31 10:39:34,18.91,10.18,-2.91,2.91,8.73,-0.01
20230131103934493,2023-01-31 10:39:34,39.28,7.27,4.36,17.46,10.18,0.01
20230131103934704,2023-01-31 10:39:34,39.28,7.27,4.36,23.28,4.36,-0.01
20230131103934938,2023-01-31 10:39:34,23.28,5.82,-2.91,8.73,11.64,-0.01
20230131103935213,2023-01-31 10:39:35,32.01,5.82,-4.36,21.82,8.73,-0.01
20230131103935608,2023-01-31 10:39:35,18.91,5.82,-1.45,7.27,7.27,0.02
20230131103935874,2023-01-31 10:39:35,33.46,8.73,-1.45,16.00,10.18,0.01
20230131103936181,2023-01-31 10:39:36,42.19,4.36,2.91,24.73,10.18,-0.02
20230131103936486,2023-01-31 10:39:36,30.55,11.64,0.00,13.09,5.82,0.01
20230131105019676,2023-01-31 10:50:19,136.76,42.19,23.28,36.37,34.92,-0.01
20230131105019862,2023-01-31 10:50:19,244.42,65.47,39.28,74.20,65.47,-0.01
20230131105020072,2023-01-31 10:50:20,343.35,104.75,58.19,87.29,93.11,-0.01
20230131105020296,2023-01-31 10:50:20,455.37,135.30,80.02,114.93,125.12,-0.05
20230131105020513,2023-01-31 10:50:20,568.85,173.13,94.57,152.76,148.40,0.01
20230131105020731,2023-01-31 10:50:20,638.69,189.13,106.21,174.58,168.76,0.01
20230131105020943,2023-01-31 10:50:20,653.23,193.50,104.75,186.22,168.76,0.05
20230131105021127,2023-01-31 10:50:21,640.14,196.41,109.11,170.22,164.40,0.02
20230131105021471,2023-01-31 10:50:21,629.96,192.04,97.48,178.95,161.49,-0.03
20230131105021662,2023-01-31 10:50:21,647.42,189.13,103.30,194.95,160.04,-0.01
20230131105021846,2023-01-31 10:50:21,628.50,187.68,106.21,168.76,165.85,0.00
20230131105022040,2023-01-31 10:50:22,616.86,186.22,96.02,171.67,162.94,-0.04
20230131105022260,2023-01-31 10:50:22,627.05,194.95,97.48,173.13,161.49,0.01
20230131105022473,2023-01-31 10:50:22,187.68,53.83,27.64,58.19,48.01,0.00
20230131105022688,2023-01-31 10:50:22,16.00,1.45,8.73,1.45,4.36,0.01
20230131105022930,2023-01-31 10:50:22,-8.73,-2.91,4.36,-5.82,-4.36,0.00
20230131105023151,2023-01-31 10:50:23,-13.09,-4.36,4.36,-10.18,-2.91,0.02
20230131105023361,2023-01-31 10:50:23,-1.45,0.00,2.91,-2.91,-1.45,0.02
20230131105023720,2023-01-31 10:50:23,42.19,13.09,5.82,8.73,14.55,-0.03
20230131105023950,2023-01-31 10:50:23,130.94,40.74,20.37,32.01,37.83,0.01
20230131105024158,2023-01-31 10:50:24,240.05,74.20,34.92,65.47,65.47,-0.01
20230131105024371,2023-01-31 10:50:24,439.37,135.30,72.74,113.48,117.84,-0.03
20230131105024585,2023-01-31 10:50:24,596.49,176.04,97.48,165.85,157.13,-0.02
20230131105024795,2023-01-31 10:50:24,715.79,203.68,123.66,203.68,184.77,0.03
20230131105025008,2023-01-31 10:50:24,779.81,228.41,135.30,216.77,199.32,0.01
20230131105025201,2023-01-31 10:50:25,782.72,225.50,132.39,226.96,197.86,-0.01
20230131105025393,2023-01-31 10:50:25,768.17,219.68,130.94,219.68,197.86,-0.01
20230131105025575,2023-01-31 10:50:25,778.35,228.41,136.76,216.77,196.41,-0.03
20230131105025791,2023-01-31 10:50:25,760.89,216.77,129.48,221.14,193.50,0.02
20230131105026145,2023-01-31 10:50:26,755.08,219.68,129.48,215.32,190.59,-0.03
20230131105026463,2023-01-31 10:50:26,717.25,218.23,119.30,200.77,178.95,0.01
20230131105026788,2023-01-31 10:50:26,190.59,50.92,32.01,61.10,46.56,0.00
20230131105027097,2023-01-31 10:50:27,1.45,1.45,8.73,-8.73,0.00,0.01
20230131105027406,2023-01-31 10:50:27,0.00,1.45,2.91,-4.36,0.00,0.02
20230131105027708,2023-01-31 10:50:27,-17.46,0.00,2.91,-16.00,-4.36,0.02
20230131105028035,2023-01-31 10:50:28,-26.19,-2.91,-1.45,-16.00,-5.82,-0.01
20230131105028622,2023-01-31 10:50:28,-21.82,-2.91,1.45,-16.00,-4.36,-0.01
20230131105028995,2023-01-31 10:50:28,26.19,5.82,2.91,8.73,8.73,0.01
20230131105029322,2023-01-31 10:50:29,104.75,24.73,17.46,33.46,29.10,-0.02
20230131105029532,2023-01-31 10:50:29,192.04,55.28,34.92,49.47,52.38,0.03
20230131105029719,2023-01-31 10:50:29,372.45,110.57,58.19,112.02,91.66,0.01
20230131105029905,2023-01-31 10:50:29,541.21,158.58,85.84,154.22,142.58,0.01
20230131105030086,2023-01-31 10:50:30,686.70,196.41,114.93,192.04,183.31,-0.01
20230131105030288,2023-01-31 10:50:30,755.08,206.59,128.03,229.87,190.59,0.04
20230131105030508,2023-01-31 10:50:30,724.52,206.59,123.66,203.68,190.59,-0.01
20230131105030911,2023-01-31 10:50:30,747.80,206.59,126.57,222.59,192.04,0.03
20230131105031120,2023-01-31 10:50:31,737.62,206.59,128.03,210.96,192.04,0.01
20230131105031310,2023-01-31 10:50:31,727.43,206.59,120.75,209.50,190.59,-0.01
20230131105031497,2023-01-31 10:50:31,730.34,208.05,125.12,210.96,186.22,0.01
20230131105031678,2023-01-31 10:50:31,632.87,183.31,100.39,192.04,157.13,0.03
20230131105031863,2023-01-31 10:50:31,128.03,32.01,21.82,40.74,33.46,0.01
20230131105032050,2023-01-31 10:50:32,11.64,5.82,8.73,-7.27,4.36,0.01
20230131105032278,2023-01-31 10:50:32,-18.91,-4.36,5.82,-16.00,-4.36,0.00
20230131105032520,2023-01-31 10:50:32,-17.46,-7.27,-1.45,-7.27,-1.45,0.01
20230131105032769,2023-01-31 10:50:32,-10.18,-4.36,0.00,-2.91,-2.91,0.00
20230131105033206,2023-01-31 10:50:33,1.45,-1.45,2.91,-2.91,2.91,0.02
20230131105033415,2023-01-31 10:50:33,93.11,29.10,17.46,23.28,23.28,0.01
20230131105033597,2023-01-31 10:50:33,186.22,61.10,36.37,40.74,48.01,-0.03
20230131105033782,2023-01-31 10:50:33,350.62,98.93,58.19,103.30,90.20,-0.01
20230131105033969,2023-01-31 10:50:33,504.84,155.67,82.93,133.85,132.39,0.03
20230131105034153,2023-01-31 10:50:34,696.88,196.41,123.66,192.04,184.77,0.01
20230131105034356,2023-01-31 10:50:34,865.64,241.51,151.31,245.87,226.96,0.02
20230131105034570,2023-01-31 10:50:34,912.20,256.06,158.58,264.79,232.78,-0.01
20230131105034781,2023-01-31 10:50:34,923.84,256.06,162.94,269.15,235.69,-0.01
20230131105034998,2023-01-31 10:50:34,904.93,253.15,158.58,263.33,229.87,0.01
20230131105035232,2023-01-31 10:50:35,912.20,253.15,161.49,267.70,229.87,-0.01
20230131105035568,2023-01-31 10:50:35,919.47,248.78,164.40,276.42,229.87,0.01
20230131105035754,2023-01-31 10:50:35,897.65,248.78,160.04,260.42,228.41,-0.01
20230131105035940,2023-01-31 10:50:35,888.92,247.33,157.13,256.06,228.41,-0.02
20230131105036121,2023-01-31 10:50:36,354.99,100.39,53.83,119.30,81.47,0.01
20230131105036311,2023-01-31 10:50:36,46.56,11.64,10.18,14.55,10.18,0.01
20230131105036552,2023-01-31 10:50:36,-2.91,-4.36,2.91,-1.45,0.00,0.02
20230131105036793,2023-01-31 10:50:36,-11.64,0.00,7.27,-14.55,-4.36,-0.01
20230131105037037,2023-01-31 10:50:37,-2.91,1.45,4.36,-5.82,-2.91,0.00
20230131105037281,2023-01-31 10:50:37,-21.82,-2.91,1.45,-16.00,-4.36,-0.01
20230131105037549,2023-01-31 10:50:37,-8.73,0.00,2.91,-16.00,4.36,0.02
20230131105037876,2023-01-31 10:50:37,53.83,18.91,13.09,5.82,16.00,0.01
20230131105038085,2023-01-31 10:50:38,136.76,39.28,20.37,45.10,32.01,-0.01
20230131105038266,2023-01-31 10:50:38,224.05,65.47,36.37,61.10,61.10,-0.04
20230131105038477,2023-01-31 10:50:38,369.54,106.21,64.01,98.93,100.39,0.01
20230131105038690,2023-01-31 10:50:38,513.57,149.85,84.38,144.03,135.30,0.05
20230131105038902,2023-01-31 10:50:38,593.59,170.22,100.39,161.49,161.49,0.00
20230131105039117,2023-01-31 10:50:39,677.97,194.95,103.30,202.23,177.49,0.01
20230131105039328,2023-01-31 10:50:39,692.52,196.41,112.02,208.05,176.04,-0.02
20230131105039528,2023-01-31 10:50:39,667.78,194.95,109.11,187.68,176.04,-0.03
20230131105039844,2023-01-31 10:50:39,689.61,199.32,113.48,202.23,174.58,-0.02
20230131105040271,2023-01-31 10:50:40,688.15,199.32,110.57,202.23,176.04,-0.04
20230131105040570,2023-01-31 10:50:40,667.78,193.50,109.11,186.22,178.95,0.04
20230131105040894,2023-01-31 10:50:40,606.68,183.31,96.02,171.67,155.67,-0.02
20230131105041203,2023-01-31 10:50:41,120.75,34.92,20.37,40.74,24.73,-0.01
20230131105041500,2023-01-31 10:50:41,11.64,-2.91,5.82,7.27,1.45,-0.01
20230131105041798,2023-01-31 10:50:41,-20.37,-5.82,1.45,-14.55,-1.45,0.01
20230131105042111,2023-01-31 10:50:42,-13.09,-4.36,2.91,-5.82,-5.82,0.01
20230131105042632,2023-01-31 10:50:42,-13.09,-4.36,2.91,-7.27,-4.36,0.03
20230131105042943,2023-01-31 10:50:42,11.64,4.36,4.36,0.00,2.91,0.02
20230131105043186,2023-01-31 10:50:43,55.28,14.55,16.00,2.91,21.82,-0.01
20230131105043430,2023-01-31 10:50:43,167.31,52.38,23.28,50.92,40.74,0.01
20230131105043614,2023-01-31 10:50:43,299.70,88.75,46.56,88.75,75.65,-0.03
20230131105043795,2023-01-31 10:50:43,427.73,128.03,62.56,122.21,114.93,-0.02
20230131105043979,2023-01-31 10:50:43,531.03,155.67,81.47,149.85,144.03,0.01
20230131105044164,2023-01-31 10:50:44,666.33,183.31,107.66,200.77,174.58,-0.05
20230131105044350,2023-01-31 10:50:44,672.15,183.31,112.02,200.77,176.04,0.01
20230131105044544,2023-01-31 10:50:44,672.15,192.04,116.39,189.13,174.58,0.00
20230131105044941,2023-01-31 10:50:44,680.88,189.13,113.48,203.68,174.58,0.00
20230131105045154,2023-01-31 10:50:45,673.60,183.31,110.57,205.14,174.58,0.03
20230131105045365,2023-01-31 10:50:45,672.15,192.04,106.21,199.32,174.58,-0.01
20230131105045571,2023-01-31 10:50:45,644.51,183.31,106.21,178.95,176.04,0.00
20230131105045754,2023-01-31 10:50:45,661.96,187.68,116.39,186.22,171.67,-0.02
20230131105045939,2023-01-31 10:50:45,664.87,186.22,104.75,202.23,171.67,0.01
20230131105046127,2023-01-31 10:50:46,149.85,45.10,26.19,40.74,37.83,-0.02
20230131105046311,2023-01-31 10:50:46,8.73,0.00,4.36,1.45,2.91,0.00
20230131105046526,2023-01-31 10:50:46,-18.91,2.91,0.00,-16.00,-5.82,0.01
20230131105046779,2023-01-31 10:50:46,-16.00,-5.82,5.82,-14.55,-1.45,0.02
20230131105047122,2023-01-31 10:50:47,-13.09,-2.91,1.45,-11.64,0.00,-0.01
20230131105047446,2023-01-31 10:50:47,-11.64,0.00,4.36,-10.18,-5.82,0.03
20230131105047669,2023-01-31 10:50:47,-10.18,4.36,1.45,-16.00,0.00,-0.03
20230131105047882,2023-01-31 10:50:47,50.92,17.46,11.64,7.27,14.55,-0.04
20230131105048095,2023-01-31 10:50:48,144.03,43.65,20.37,39.28,40.74,-0.03
20230131105048289,2023-01-31 10:50:48,283.70,84.38,40.74,84.38,74.20,0.00
20230131105048477,2023-01-31 10:50:48,334.62,97.48,50.92,97.48,88.75,0.01
20230131105048679,2023-01-31 10:50:48,397.18,119.30,68.38,104.75,104.75,-0.05
20230131105048891,2023-01-31 10:50:48,477.20,139.67,75.65,135.30,126.57,0.01
20230131105049104,2023-01-31 10:50:49,494.65,151.31,78.56,130.94,133.85,0.02
20230131105049364,2023-01-31 10:50:49,574.67,168.76,91.66,162.94,151.31,-0.02
20230131105049696,2023-01-31 10:50:49,592.13,170.22,97.48,168.76,155.67,-0.03
20230131105049878,2023-01-31 10:50:49,574.67,173.13,93.11,157.13,151.31,0.03
20230131105050060,2023-01-31 10:50:50,587.77,162.94,97.48,171.67,155.67,-0.01
20230131105050245,2023-01-31 10:50:50,576.13,171.67,94.57,158.58,151.31,0.01
20230131105050431,2023-01-31 10:50:50,586.31,168.76,93.11,174.58,149.85,0.03
20230131105050614,2023-01-31 10:50:50,580.49,167.31,91.66,170.22,151.31,0.04
20230131105050829,2023-01-31 10:50:50,584.86,165.85,90.20,177.49,151.31,-0.01
20230131105051046,2023-01-31 10:50:51,568.85,170.22,91.66,155.67,151.31,-0.03
20230131105051257,2023-01-31 10:50:51,590.68,173.13,96.02,168.76,152.76,0.00
20230131105051474,2023-01-31 10:50:51,333.16,98.93,52.38,97.48,84.38,0.03
20230131105051759,2023-01-31 10:50:51,32.01,11.64,10.18,2.91,7.27,-0.03
20230131105052050,2023-01-31 10:50:52,-13.09,1.45,1.45,-11.64,-4.36,-0.01
20230131105052263,2023-01-31 10:50:52,-16.00,-7.27,1.45,-8.73,-1.45,0.01
20230131105052473,2023-01-31 10:50:52,-13.09,-1.45,-2.91,-5.82,-2.91,-0.01
20230131105052691,2023-01-31 10:50:52,-23.28,-5.82,2.91,-16.00,-4.36,0.03
20230131105052955,2023-01-31 10:50:52,-23.28,0.00,0.00,-16.00,-7.27,-0.01
20230131105053308,2023-01-31 10:50:53,-21.82,-2.91,0.00,-16.00,-2.91,-0.01
20230131105053678,2023-01-31 10:50:53,-18.91,1.45,-2.91,-14.55,-2.91,-0.02
20230131105054068,2023-01-31 10:50:54,-10.18,-5.82,4.36,-7.27,-1.45,0.03
20230131105054506,2023-01-31 10:50:54,-10.18,-5.82,5.82,-5.82,-4.36,-0.02
20230131105054828,2023-01-31 10:50:54,-11.64,-2.91,0.00,-2.91,-5.82,0.02
20230131105055186,2023-01-31 10:50:55,-17.46,-2.91,2.91,-10.18,-7.27,-0.01
20230131105055547,2023-01-31 10:50:55,-7.27,2.91,0.00,-7.27,-2.91,0.01
20230131105055886,2023-01-31 10:50:55,-11.64,-5.82,0.00,-4.36,-1.45,0.01
20230131105056195,2023-01-31 10:50:56,-24.73,-4.36,2.91,-16.00,-7.27,0.01
20230131105056505,2023-01-31 10:50:56,-18.91,-1.45,1.45,-16.00,-2.91,0.01
20230131105056779,2023-01-31 10:50:56,-14.55,-5.82,0.00,-1.45,-7.27,-0.03
20230131105057028,2023-01-31 10:50:57,-10.18,-2.91,-2.91,-1.45,-2.91,-0.01
20230131105057275,2023-01-31 10:50:57,-17.46,-5.82,-1.45,-2.91,-7.27,-0.01
20230131105057525,2023-01-31 10:50:57,-26.19,-5.82,0.00,-14.55,-5.82,0.01
20230131105057766,2023-01-31 10:50:57,-23.28,2.91,-2.91,-16.00,-7.27,0.02
20230131105057983,2023-01-31 10:50:57,-17.46,-2.91,2.91,-16.00,-1.45,-0.01
20230131105058191,2023-01-31 10:50:58,-23.28,-4.36,1.45,-16.00,-4.36,0.02
20230131105058404,2023-01-31 10:50:58,-30.55,-7.27,-2.91,-16.00,-4.36,0.03
20230131105058624,2023-01-31 10:50:58,-20.37,-4.36,0.00,-8.73,-7.27,0.01
20230131105059019,2023-01-31 10:50:59,-5.82,-2.91,1.45,-1.45,-2.91,0.00
20230131105059267,2023-01-31 10:50:59,-26.19,0.00,-2.91,-16.00,-7.27,-0.01
20230131105059509,2023-01-31 10:50:59,-21.82,0.00,0.00,-16.00,-5.82,0.02
20230131105059749,2023-01-31 10:50:59,-16.00,1.45,0.00,-16.00,-1.45,0.01
20230131105059972,2023-01-31 10:50:59,-11.64,-7.27,-1.45,0.00,-2.91,0.01
20230131105100182,2023-01-31 10:51:00,-14.55,-7.27,0.00,-1.45,-5.82,0.00
20230131105100394,2023-01-31 10:51:00,-26.19,-5.82,-2.91,-11.64,-5.82,0.01
20230131105100602,2023-01-31 10:51:00,-27.64,-5.82,-1.45,-16.00,-4.36,-0.01
20230131105100817,2023-01-31 10:51:00,-26.19,-7.27,1.45,-16.00,-4.36,-0.02
20230131105101184,2023-01-31 10:51:01,-7.27,-4.36,0.00,0.00,-2.91,0.00
20230131105101486,2023-01-31 10:51:01,-16.00,-5.82,-1.45,-1.45,-7.27,-0.01
20230131105101728,2023-01-31 10:51:01,1.45,0.00,1.45,2.91,-2.91,0.01
20230131105101958,2023-01-31 10:51:01,-27.64,-7.27,1.45,-16.00,-5.82,0.00
20230131105102171,2023-01-31 10:51:02,-11.64,-2.91,2.91,-8.73,-2.91,0.00
20230131105102382,2023-01-31 10:51:02,-16.00,-1.45,2.91,-11.64,-5.82,0.01
20230131105102598,2023-01-31 10:51:02,-4.36,0.00,0.00,-2.91,-1.45,0.02
20230131105102813,2023-01-31 10:51:02,-27.64,-1.45,-2.91,-16.00,-7.27,0.00
20230131105103040,2023-01-31 10:51:03,-7.27,-1.45,2.91,-1.45,-7.27,0.01
20230131105103283,2023-01-31 10:51:03,-5.82,-1.45,0.00,0.00,-4.36,-0.01
20230131105103711,2023-01-31 10:51:03,-10.18,-2.91,0.00,-7.27,0.00,-0.01
20230131105103954,2023-01-31 10:51:03,-14.55,-2.91,2.91,-7.27,-7.27,0.02
20230131105104165,2023-01-31 10:51:04,-24.73,-5.82,-1.45,-16.00,-1.45,-0.01
20230131105104375,2023-01-31 10:51:04,-20.37,-1.45,0.00,-16.00,-2.91,0.00
20230131105104587,2023-01-31 10:51:04,-24.73,-1.45,-2.91,-16.00,-4.36,0.01
20230131105104796,2023-01-31 10:51:04,-20.37,-7.27,1.45,-10.18,-4.36,0.01
20230131111901287,2023-01-31 11:19:01,125.12,30.55,18.91,32.01,43.65,0.01
20230131111901473,2023-01-31 11:19:01,234.23,65.47,33.46,64.01,71.29,-0.02
20230131111901773,2023-01-31 11:19:01,341.89,100.39,52.38,87.29,101.84,-0.01
20230131111902001,2023-01-31 11:19:01,467.01,125.12,75.65,125.12,141.12,0.04
20230131111902184,2023-01-31 11:19:02,612.50,168.76,93.11,170.22,180.40,-0.03
20230131111902385,2023-01-31 11:19:02,622.68,173.13,100.39,167.31,181.86,-0.02
20230131111902598,2023-01-31 11:19:02,654.69,177.49,103.30,178.95,194.95,-0.01
20230131111902811,2023-01-31 11:19:02,714.34,190.59,112.02,203.68,208.05,-0.02
20230131111903020,2023-01-31 11:19:03,725.98,192.04,110.57,215.32,208.05,0.01
20230131111903228,2023-01-31 11:19:03,701.25,192.04,110.57,192.04,206.59,-0.01
20230131111903420,2023-01-31 11:19:03,474.29,133.85,69.83,142.58,128.03,0.03
20230131111903602,2023-01-31 11:19:03,65.47,14.55,13.09,26.19,11.64,-0.03
20230131111903811,2023-01-31 11:19:03,-1.45,-1.45,0.00,5.82,-5.82,0.01
20230131111904177,2023-01-31 11:19:04,-5.82,-7.27,1.45,1.45,-1.45,-0.01
20230131111904398,2023-01-31 11:19:04,-20.37,0.00,0.00,-16.00,-4.36,0.00
20230131111904639,2023-01-31 11:19:04,-10.18,4.36,-1.45,-13.09,0.00,0.01
20230131111904880,2023-01-31 11:19:04,50.92,14.55,5.82,14.55,16.00,-0.03
20230131111905127,2023-01-31 11:19:05,112.02,30.55,13.09,30.55,37.83,0.01
20230131111905336,2023-01-31 11:19:05,222.59,71.29,32.01,52.38,66.92,-0.03
20230131111905521,2023-01-31 11:19:05,340.44,96.02,55.28,88.75,100.39,0.03
20230131111905702,2023-01-31 11:19:05,516.48,145.49,84.38,133.85,152.76,0.03
20230131111905887,2023-01-31 11:19:05,682.33,183.31,112.02,194.95,192.04,-0.01
20230131111906072,2023-01-31 11:19:06,688.15,187.68,112.02,193.50,194.95,-0.02
20230131111906385,2023-01-31 11:19:06,691.06,186.22,110.57,202.23,192.04,0.01
20230131111906654,2023-01-31 11:19:06,692.52,186.22,113.48,203.68,189.13,0.03
20230131111906873,2023-01-31 11:19:06,683.79,190.59,109.11,192.04,192.04,0.03
20230131111907083,2023-01-31 11:19:07,682.33,192.04,109.11,194.95,186.22,0.00
20230131111907293,2023-01-31 11:19:07,680.88,190.59,112.02,192.04,186.22,-0.02
20230131111907490,2023-01-31 11:19:07,321.53,93.11,46.56,91.66,90.20,-0.01
20230131111907671,2023-01-31 11:19:07,16.00,4.36,4.36,4.36,2.91,-0.01
20230131111907883,2023-01-31 11:19:07,-24.73,-2.91,-1.45,-16.00,-4.36,-0.01
20230131111908090,2023-01-31 11:19:08,-20.37,0.00,0.00,-14.55,-5.82,0.03
20230131111908304,2023-01-31 11:19:08,-18.91,1.45,1.45,-16.00,-5.82,-0.01
20230131111908624,2023-01-31 11:19:08,-29.10,-5.82,-1.45,-16.00,-5.82,0.03
20230131111908969,2023-01-31 11:19:08,-4.36,-1.45,2.91,-7.27,1.45,0.02
20230131111909217,2023-01-31 11:19:09,49.47,16.00,4.36,11.64,17.46,-0.02
20230131111909466,2023-01-31 11:19:09,103.30,26.19,20.37,26.19,30.55,0.01
20230131111909648,2023-01-31 11:19:09,202.23,61.10,33.46,48.01,59.65,-0.01
20230131111909833,2023-01-31 11:19:09,349.17,107.66,55.28,87.29,98.93,-0.01
20230131111910017,2023-01-31 11:19:10,485.93,136.76,77.11,132.39,139.67,-0.01
20230131111910200,2023-01-31 11:19:10,629.96,178.95,106.21,170.22,174.58,0.01
20230131111910386,2023-01-31 11:19:10,699.79,200.77,120.75,192.04,186.22,-0.01
20230131111910590,2023-01-31 11:19:10,688.15,196.41,116.39,192.04,183.31,0.00
20230131111910802,2023-01-31 11:19:10,709.97,203.68,114.93,208.05,183.31,-0.03
20230131111911328,2023-01-31 11:19:11,692.52,200.77,116.39,193.50,181.86,0.03
20230131111911622,2023-01-31 11:19:11,677.97,196.41,114.93,184.77,181.86,0.00
20230131111911889,2023-01-31 11:19:11,686.70,200.77,117.84,183.31,184.77,-0.03
20230131111912160,2023-01-31 11:19:12,209.50,61.10,34.92,59.65,53.83,-0.01
20230131111912418,2023-01-31 11:19:12,0.00,2.91,5.82,-11.64,2.91,-0.01
20230131111912765,2023-01-31 11:19:12,-16.00,0.00,0.00,-14.55,-1.45,0.03
20230131111913137,2023-01-31 11:19:13,-8.73,0.00,-1.45,-2.91,-4.36,0.00
20230131111913688,2023-01-31 11:19:13,-17.46,-5.82,4.36,-13.09,-2.91,0.01
20230131111914044,2023-01-31 11:19:14,-26.19,-8.73,-2.91,-10.18,-4.36,0.02
20230131111914341,2023-01-31 11:19:14,-17.46,0.00,1.45,-16.00,-2.91,-0.01
20230131111914553,2023-01-31 11:19:14,-10.18,0.00,-2.91,0.00,-7.27,0.01
20230131111914795,2023-01-31 11:19:14,-23.28,-1.45,-2.91,-16.00,-2.91,0.01
20230131111915041,2023-01-31 11:19:15,-18.91,-7.27,0.00,-8.73,-2.91,-0.01
20230131111915282,2023-01-31 11:19:15,-32.01,-8.73,-2.91,-16.00,-4.36,0.02
20230131111915524,2023-01-31 11:19:15,-27.64,-7.27,0.00,-16.00,-4.36,-0.01
20230131111915776,2023-01-31 11:19:15,-20.37,-2.91,1.45,-13.09,-5.82,-0.01
20230131111916114,2023-01-31 11:19:16,-24.73,-7.27,0.00,-13.09,-4.36,-0.01
20230131111916323,2023-01-31 11:19:16,-17.46,-2.91,1.45,-11.64,-4.36,0.03
20230131111916533,2023-01-31 11:19:16,-24.73,-7.27,1.45,-16.00,-2.91,0.02
20230131111916766,2023-01-31 11:19:16,-24.73,-4.36,-1.45,-16.00,-2.91,-0.01
20230131111917013,2023-01-31 11:19:16,-26.19,-1.45,-2.91,-16.00,-5.82,0.03
20230131111917259,2023-01-31 11:19:17,-23.28,-5.82,1.45,-14.55,-4.36,0.01
20230131111917513,2023-01-31 11:19:17,-26.19,-5.82,1.45,-16.00,-5.82,0.01
20230131111917736,2023-01-31 11:19:17,-18.91,-1.45,0.00,-16.00,-1.45,-0.01
20230131111917953,2023-01-31 11:19:17,-17.46,-4.36,-2.91,-8.73,-1.45,-0.03
20230131111918318,2023-01-31 11:19:18,-23.28,-8.73,2.91,-16.00,-1.45,0.01
20230131111918530,2023-01-31 11:19:18,-10.18,-2.91,0.00,-1.45,-5.82,0.01
20230131111918768,2023-01-31 11:19:18,-24.73,-5.82,0.00,-16.00,-2.91,0.01
20230131111919009,2023-01-31 11:19:18,-21.82,-7.27,-2.91,-5.82,-5.82,0.01
20230131111919254,2023-01-31 11:19:19,-16.00,-7.27,-1.45,-1.45,-5.82,0.01
20230131111919494,2023-01-31 11:19:19,-7.27,-1.45,0.00,-4.36,-1.45,0.01
20230131111919727,2023-01-31 11:19:19,-26.19,-7.27,0.00,-16.00,-2.91,-0.01
20230131111919943,2023-01-31 11:19:19,-7.27,-4.36,2.91,-1.45,-4.36,0.01
20230131111920152,2023-01-31 11:19:20,-7.27,-1.45,2.91,-5.82,-2.91,0.01
20230131111920450,2023-01-31 11:19:20,-32.01,-10.18,-1.45,-16.00,-4.36,0.01
20230131111920744,2023-01-31 11:19:20,-32.01,-7.27,-1.45,-16.00,-7.27,0.00
20230131111920986,2023-01-31 11:19:20,-17.46,-5.82,1.45,-11.64,-1.45,0.01
20230131111921228,2023-01-31 11:19:21,-27.64,-8.73,2.91,-16.00,-5.82,-0.01
20230131111921471,2023-01-31 11:19:21,-11.64,-7.27,2.91,-4.36,-2.91,0.01
20230131111921714,2023-01-31 11:19:21,-13.09,-5.82,1.45,-7.27,-1.45,-0.01
20230131111921925,2023-01-31 11:19:21,-27.64,-5.82,1.45,-16.00,-7.27,-0.01
20230131111922140,2023-01-31 11:19:22,-30.55,-5.82,-2.91,-14.55,-7.27,0.00
20230131111922349,2023-01-31 11:19:22,-23.28,-8.73,-1.45,-8.73,-4.36,-0.01
20230131111922567,2023-01-31 11:19:22,-26.19,-8.73,1.45,-16.00,-2.91,0.01
20230131111922967,2023-01-31 11:19:22,-8.73,-1.45,1.45,-4.36,-4.36,0.01
20230131111923212,2023-01-31 11:19:23,-23.28,-8.73,-1.45,-7.27,-5.82,0.01
20230131111923459,2023-01-31 11:19:23,-27.64,-8.73,4.36,-16.00,-7.27,0.00
20230131111923707,2023-01-31 11:19:23,-7.27,-2.91,4.36,-5.82,-2.91,-0.01
20230131111923926,2023-01-31 11:19:23,-23.28,-8.73,4.36,-16.00,-2.91,-0.03
20230131111924141,2023-01-31 11:19:24,-29.10,-2.91,-2.91,-16.00,-7.27,-0.01
20230131111924352,2023-01-31 11:19:24,-11.64,-5.82,0.00,-4.36,-1.45,0.00
20230131111924566,2023-01-31 11:19:24,-5.82,-1.45,1.45,-2.91,-2.91,-0.01
20230131111924779,2023-01-31 11:19:24,-26.19,-4.36,-1.45,-16.00,-4.36,-0.02
20230131111925264,2023-01-31 11:19:25,-27.64,-5.82,-2.91,-16.00,-2.91,-0.01
20230131112800722,2023-01-31 11:28:00,136.76,34.92,16.00,37.83,48.01,0.01
20230131112801199,2023-01-31 11:28:01,237.14,59.65,34.92,69.83,72.74,-0.03
20230131112801658,2023-01-31 11:28:01,315.71,87.29,46.56,82.93,98.93,0.00
20230131112801967,2023-01-31 11:28:01,440.82,125.12,66.92,123.66,125.12,0.01
20230131112802242,2023-01-31 11:28:02,474.29,132.39,66.92,141.12,133.85,-0.01
20230131112802512,2023-01-31 11:28:02,458.28,125.12,69.83,133.85,129.48,0.03
20230131112802778,2023-01-31 11:28:02,446.64,123.66,69.83,123.66,129.48,0.01
20230131112802988,2023-01-31 11:28:02,446.64,129.48,65.47,123.66,128.03,0.03
20230131112803485,2023-01-31 11:28:03,497.56,142.58,78.56,132.39,144.03,0.02
20230131112803704,2023-01-31 11:28:03,549.94,152.76,81.47,162.94,152.76,-0.01
20230131112803917,2023-01-31 11:28:03,531.03,145.49,80.02,154.22,151.31,0.01
20230131112804116,2023-01-31 11:28:04,541.21,149.85,82.93,157.13,151.31,0.03
20230131112804379,2023-01-31 11:28:04,520.84,144.03,81.47,141.12,154.22,-0.01
20230131112804574,2023-01-31 11:28:04,539.76,149.85,81.47,160.04,148.40,0.02
20230131112804755,2023-01-31 11:28:04,516.48,154.22,77.11,138.21,146.94,0.01
20230131112804938,2023-01-31 11:28:04,515.02,149.85,80.02,139.67,145.49,0.02
20230131112805152,2023-01-31 11:28:05,484.47,139.67,74.20,135.30,135.30,0.01
20230131112805402,2023-01-31 11:28:05,78.56,20.37,16.00,20.37,21.82,-0.01
20230131112805863,2023-01-31 11:28:05,-16.00,-5.82,1.45,-11.64,0.00,0.03
20230131112806104,2023-01-31 11:28:06,-18.91,0.00,1.45,-16.00,-4.36,0.01
20230131112806319,2023-01-31 11:28:06,-8.73,-1.45,1.45,-7.27,-1.45,-0.03
20230131112806534,2023-01-31 11:28:06,-10.18,-8.73,2.91,1.45,-5.82,0.01
20230131112806832,2023-01-31 11:28:06,-27.64,-4.36,-1.45,-16.00,-5.82,-0.01
20230131112807052,2023-01-31 11:28:07,5.82,-2.91,-1.45,7.27,2.91,-0.01
20230131112807296,2023-01-31 11:28:07,27.64,2.91,2.91,14.55,7.27,0.03
20230131112807547,2023-01-31 11:28:07,43.65,18.91,5.82,0.00,18.91,0.03
20230131112807882,2023-01-31 11:28:07,80.02,18.91,13.09,20.37,27.64,-0.01
20230131112808255,2023-01-31 11:28:08,136.76,36.37,23.28,36.37,40.74,0.03
20230131112808443,2023-01-31 11:28:08,218.23,55.28,34.92,68.38,59.65,0.01
20230131112808635,2023-01-31 11:28:08,301.16,90.20,49.47,77.11,84.38,-0.02
20230131112808815,2023-01-31 11:28:08,397.18,112.02,65.47,110.57,109.11,0.01
20230131112809094,2023-01-31 11:28:09,481.56,142.58,69.83,138.21,130.94,-0.01
20230131112809309,2023-01-31 11:28:09,600.86,167.31,96.02,174.58,162.94,0.02
20230131112809519,2023-01-31 11:28:09,615.41,178.95,96.02,176.04,164.40,-0.01
20230131112809740,2023-01-31 11:28:09,615.41,173.13,98.93,181.86,161.49,0.01
20230131112809987,2023-01-31 11:28:09,611.04,178.95,96.02,178.95,157.13,0.02
20230131112810312,2023-01-31 11:28:10,608.13,180.40,98.93,165.85,162.94,-0.01
20230131112810588,2023-01-31 11:28:10,608.13,174.58,98.93,171.67,162.94,0.00
20230131112810779,2023-01-31 11:28:10,612.50,180.40,93.11,181.86,157.13,-0.01
20230131112811045,2023-01-31 11:28:11,595.04,173.13,94.57,171.67,155.67,-0.01
20230131112811254,2023-01-31 11:28:11,613.95,177.49,96.02,184.77,155.67,0.01
20230131112811473,2023-01-31 11:28:11,609.59,178.95,91.66,183.31,155.67,0.02
20230131112811687,2023-01-31 11:28:11,605.22,170.22,98.93,178.95,157.13,0.03
20230131112811941,2023-01-31 11:28:11,612.50,173.13,93.11,187.68,158.58,-0.01
20230131112812208,2023-01-31 11:28:12,608.13,178.95,93.11,181.86,154.22,-0.02
20230131112812397,2023-01-31 11:28:12,608.13,171.67,97.48,180.40,158.58,0.01
20230131112812712,2023-01-31 11:28:12,590.68,178.95,88.75,164.40,158.58,-0.04
20230131112812973,2023-01-31 11:28:12,592.13,174.58,94.57,168.76,154.22,0.00
20230131112813351,2023-01-31 11:28:13,328.80,88.75,48.01,113.48,78.56,-0.01
20230131112813679,2023-01-31 11:28:13,42.19,11.64,8.73,14.55,7.27,0.01
20230131112814179,2023-01-31 11:28:14,-13.09,1.45,2.91,-16.00,-1.45,-0.01
20230131112814499,2023-01-31 11:28:14,-21.82,-4.36,1.45,-16.00,-2.91,0.00
20230131112814949,2023-01-31 11:28:14,-21.82,-1.45,-1.45,-16.00,-2.91,0.00
20230131112815510,2023-01-31 11:28:15,-27.64,-7.27,0.00,-16.00,-4.36,-0.01
20230131112815995,2023-01-31 11:28:15,-14.55,-4.36,-1.45,-7.27,-1.45,0.02
20230131112816334,2023-01-31 11:28:16,1.45,0.00,4.36,-10.18,7.27,0.00
20230131112816546,2023-01-31 11:28:16,53.83,17.46,8.73,14.55,13.09,-0.01
20230131112816809,2023-01-31 11:28:16,91.66,27.64,14.55,20.37,29.10,-0.01
20230131112817033,2023-01-31 11:28:17,160.04,49.47,26.19,37.83,46.56,-0.02
20230131112817275,2023-01-31 11:28:17,273.51,81.47,40.74,74.20,77.11,0.00
20230131112817620,2023-01-31 11:28:17,410.27,123.66,58.19,120.75,107.66,-0.01
20230131112817936,2023-01-31 11:28:17,487.38,138.21,75.65,142.58,130.94,-0.04
20230131112818146,2023-01-31 11:28:18,577.58,168.76,94.57,162.94,151.31,-0.03
20230131112818351,2023-01-31 11:28:18,593.59,170.22,96.02,171.67,155.67,-0.01
20230131112818543,2023-01-31 11:28:18,593.59,174.58,93.11,177.49,148.40,-0.02
20230131112818805,2023-01-31 11:28:18,571.76,165.85,91.66,162.94,151.31,0.02
20230131112818987,2023-01-31 11:28:18,579.04,168.76,94.57,162.94,152.76,0.05
20230131112819173,2023-01-31 11:28:19,579.04,167.31,90.20,173.13,148.40,-0.01
20230131112819363,2023-01-31 11:28:19,590.68,174.58,97.48,167.31,151.31,0.01
20230131112819644,2023-01-31 11:28:19,584.86,174.58,93.11,165.85,151.31,0.01
20230131112819972,2023-01-31 11:28:19,574.67,168.76,91.66,168.76,145.49,0.01
20230131112820182,2023-01-31 11:28:20,576.13,171.67,93.11,162.94,148.40,-0.01
20230131112820384,2023-01-31 11:28:20,403.00,114.93,66.92,123.66,97.48,-0.02
20230131112820565,2023-01-31 11:28:20,36.37,5.82,11.64,8.73,10.18,-0.01
20230131112820773,2023-01-31 11:28:20,-16.00,1.45,4.36,-16.00,-5.82,-0.01
20230131112820981,2023-01-31 11:28:20,-7.27,-1.45,0.00,0.00,-5.82,-0.01
20230131112821193,2023-01-31 11:28:21,-4.36,-4.36,1.45,0.00,-1.45,0.01
20230131112821416,2023-01-31 11:28:21,-16.00,-1.45,2.91,-13.09,-4.36,0.00
20230131112821658,2023-01-31 11:28:21,0.00,0.00,-1.45,0.00,1.45,-0.01
20230131112821945,2023-01-31 11:28:21,20.37,5.82,2.91,8.73,2.91,-0.03
20230131112822326,2023-01-31 11:28:22,62.56,24.73,8.73,7.27,21.82,-0.01
20230131112822545,2023-01-31 11:28:22,146.94,40.74,20.37,43.65,42.19,0.01
20230131112822730,2023-01-31 11:28:22,254.60,81.47,37.83,65.47,69.83,-0.01
20230131112822912,2023-01-31 11:28:22,385.54,117.84,61.10,109.11,97.48,-0.01
20230131112823093,2023-01-31 11:28:23,513.57,144.03,80.02,151.31,138.21,0.01
20230131112823275,2023-01-31 11:28:23,628.50,177.49,106.21,170.22,174.58,0.03
20230131112823462,2023-01-31 11:28:23,670.69,189.13,107.66,197.86,176.04,0.02
20230131112823678,2023-01-31 11:28:23,680.88,189.13,110.57,205.14,176.04,-0.04
20230131112823891,2023-01-31 11:28:23,685.24,194.95,110.57,203.68,176.04,0.00
20230131112824113,2023-01-31 11:28:24,657.60,187.68,107.66,190.59,171.67,0.01
20230131112824442,2023-01-31 11:28:24,679.42,192.04,106.21,206.59,174.58,-0.01
20230131112824683,2023-01-31 11:28:24,660.51,196.41,106.21,187.68,170.22,0.02
20230131112824864,2023-01-31 11:28:24,661.96,193.50,109.11,184.77,174.58,-0.01
20230131112825050,2023-01-31 11:28:25,645.96,187.68,104.75,186.22,167.31,-0.01
20230131112825232,2023-01-31 11:28:25,660.51,189.13,106.21,193.50,171.67,0.01
20230131112825414,2023-01-31 11:28:25,664.87,186.22,106.21,199.32,173.13,-0.01
20230131112825618,2023-01-31 11:28:25,653.23,184.77,101.84,197.86,168.76,0.01
20230131112825828,2023-01-31 11:28:25,653.23,192.04,103.30,187.68,170.22,-0.01
20230131112826039,2023-01-31 11:28:26,661.96,184.77,106.21,200.77,170.22,-0.01
20230131112826252,2023-01-31 11:28:26,666.33,194.95,107.66,190.59,173.13,0.01
20230131112826516,2023-01-31 11:28:26,664.87,192.04,106.21,200.77,165.85,0.01
20230131112827004,2023-01-31 11:28:26,656.14,190.59,104.75,187.68,173.13,-0.01
20230131112827275,2023-01-31 11:28:27,645.96,184.77,109.11,181.86,170.22,-0.05
20230131112827553,2023-01-31 11:28:27,653.23,187.68,103.30,194.95,167.31,-0.01
20230131112827869,2023-01-31 11:28:27,645.96,183.31,100.39,190.59,171.67,0.01
20230131112828189,2023-01-31 11:28:28,643.05,183.31,106.21,187.68,165.85,-0.02
20230131112828502,2023-01-31 11:28:28,641.60,192.04,100.39,178.95,170.22,0.02
20230131112828763,2023-01-31 11:28:28,641.60,186.22,106.21,181.86,167.31,0.03
20230131112829131,2023-01-31 11:28:29,648.87,183.31,104.75,196.41,164.40,0.00
20230131112829495,2023-01-31 11:28:29,661.96,184.77,109.11,199.32,168.76,-0.02
20230131112829798,2023-01-31 11:28:29,656.14,184.77,104.75,197.86,168.76,-0.01
20230131112830025,2023-01-31 11:28:30,632.87,184.77,104.75,176.04,167.31,-0.03
20230131112830246,2023-01-31 11:28:30,643.05,186.22,104.75,183.31,168.76,-0.01
20230131112830459,2023-01-31 11:28:30,656.14,184.77,110.57,194.95,165.85,-0.01
20230131112830664,2023-01-31 11:28:30,648.87,192.04,107.66,183.31,165.85,-0.03
20230131112830852,2023-01-31 11:28:30,638.69,184.77,106.21,183.31,164.40,-0.01
20230131112831041,2023-01-31 11:28:31,644.51,187.68,103.30,186.22,167.31,0.03
20230131112831231,2023-01-31 11:28:31,640.14,186.22,109.11,174.58,170.22,0.01
20230131112831466,2023-01-31 11:28:31,641.60,187.68,106.21,178.95,168.76,0.01
20230131112831775,2023-01-31 11:28:31,645.96,189.13,103.30,184.77,168.76,-0.01
20230131112831990,2023-01-31 11:28:31,650.32,190.59,101.84,190.59,167.31,0.01
20230131112832203,2023-01-31 11:28:32,637.23,183.31,104.75,184.77,164.40,-0.01
20230131112832413,2023-01-31 11:28:32,587.77,171.67,96.02,170.22,149.85,0.02
20230131112832626,2023-01-31 11:28:32,126.57,37.83,21.82,36.37,30.55,0.00
20230131112832808,2023-01-31 11:28:32,16.00,1.45,4.36,8.73,1.45,0.01
20230131112833018,2023-01-31 11:28:33,-1.45,-2.91,-1.45,4.36,-1.45,-0.02
20230131112833227,2023-01-31 11:28:33,-10.18,1.45,2.91,-7.27,-7.27,0.01
20230131112833440,2023-01-31 11:28:33,-8.73,-4.36,2.91,-5.82,-1.45,0.01
20230131112833654,2023-01-31 11:28:33,1.45,0.00,4.36,-4.36,1.45,0.04
20230131112834086,2023-01-31 11:28:34,20.37,1.45,2.91,11.64,4.36,0.03
20230131112834331,2023-01-31 11:28:34,77.11,24.73,13.09,17.46,21.82,-0.03
20230131112834546,2023-01-31 11:28:34,141.12,39.28,20.37,42.19,39.28,-0.03
20230131112834744,2023-01-31 11:28:34,231.32,75.65,30.55,64.01,61.10,0.01
20230131112834926,2023-01-31 11:28:34,349.17,112.02,50.92,97.48,88.75,-0.01
20230131112835108,2023-01-31 11:28:35,471.38,144.03,75.65,130.94,120.75,-0.05
20230131112835295,2023-01-31 11:28:35,606.68,177.49,104.75,162.94,161.49,0.00
20230131112835479,2023-01-31 11:28:35,747.80,206.59,129.48,210.96,200.77,-0.01
20230131112835668,2023-01-31 11:28:35,782.72,219.68,130.94,228.41,203.68,-0.01
20230131112835876,2023-01-31 11:28:35,775.44,218.23,129.48,229.87,197.86,0.03
20230131112836161,2023-01-31 11:28:36,756.53,210.96,126.57,219.68,199.32,0.01
20230131112836487,2023-01-31 11:28:36,765.26,212.41,128.03,224.05,200.77,0.01
20230131112836701,2023-01-31 11:28:36,766.71,212.41,129.48,226.96,197.86,-0.01
20230131112836894,2023-01-31 11:28:36,757.98,209.50,126.57,226.96,194.95,0.00
20230131112837081,2023-01-31 11:28:37,759.44,212.41,128.03,222.59,196.41,-0.03
20230131112837262,2023-01-31 11:28:37,753.62,210.96,130.94,213.87,197.86,-0.03
20230131112837451,2023-01-31 11:28:37,762.35,218.23,120.75,228.41,194.95,-0.03
20230131112837637,2023-01-31 11:28:37,769.62,216.77,128.03,228.41,196.41,-0.02
20230131112837833,2023-01-31 11:28:37,752.17,216.77,128.03,215.32,192.04,0.01
20230131112838048,2023-01-31 11:28:38,757.98,218.23,128.03,216.77,194.95,0.02
20230131112838261,2023-01-31 11:28:38,741.98,212.41,125.12,212.41,192.04,0.00
20230131112838594,2023-01-31 11:28:38,741.98,215.32,123.66,212.41,190.59,0.00
20230131112838865,2023-01-31 11:28:38,747.80,209.50,126.57,218.23,193.50,0.02
20230131112839057,2023-01-31 11:28:39,760.89,213.87,128.03,225.50,193.50,0.03
20230131112839246,2023-01-31 11:28:39,746.35,215.32,126.57,210.96,193.50,-0.02
20230131112839435,2023-01-31 11:28:39,747.80,215.32,122.21,219.68,190.59,-0.04
20230131112839624,2023-01-31 11:28:39,730.34,209.50,122.21,203.68,194.95,0.01
20230131112839820,2023-01-31 11:28:39,743.44,210.96,130.94,209.50,192.04,0.01
20230131112840030,2023-01-31 11:28:40,691.06,196.41,120.75,197.86,176.04,0.00
20230131112840250,2023-01-31 11:28:40,139.67,37.83,21.82,49.47,30.55,-0.01
20230131112840491,2023-01-31 11:28:40,11.64,1.45,2.91,4.36,2.91,-0.02
20230131112840972,2023-01-31 11:28:40,5.82,1.45,1.45,5.82,-2.91,-0.01
20230131112841364,2023-01-31 11:28:41,-2.91,-4.36,4.36,1.45,-4.36,-0.01
20230131112841672,2023-01-31 11:28:41,-13.09,0.00,2.91,-14.55,-1.45,0.00
20230131112842013,2023-01-31 11:28:41,0.00,2.91,1.45,-1.45,-2.91,0.00
20230131112842375,2023-01-31 11:28:42,-21.82,-7.27,2.91,-11.64,-5.82,0.01
20230131112842731,2023-01-31 11:28:42,-18.91,-7.27,1.45,-13.09,0.00,0.02
20230131112843065,2023-01-31 11:28:43,-24.73,-5.82,1.45,-16.00,-4.36,0.01
20230131112843551,2023-01-31 11:28:43,-1.45,-2.91,2.91,0.00,-1.45,0.01
20230131112843843,2023-01-31 11:28:43,-5.82,-4.36,1.45,1.45,-4.36,-0.01
20230131112844101,2023-01-31 11:28:44,0.00,-1.45,1.45,1.45,-1.45,0.02
20230131112844353,2023-01-31 11:28:44,-2.91,-1.45,-1.45,1.45,-1.45,0.02
20230131112844596,2023-01-31 11:28:44,-26.19,-1.45,-1.45,-16.00,-7.27,-0.03
20230131112844842,2023-01-31 11:28:44,-30.55,-7.27,0.00,-16.00,-7.27,-0.01
20230131112845067,2023-01-31 11:28:45,-26.19,-8.73,4.36,-16.00,-5.82,-0.01
20230131112845278,2023-01-31 11:28:45,-26.19,-10.18,0.00,-16.00,0.00,0.00
20230131112845487,2023-01-31 11:28:45,-26.19,-5.82,-1.45,-16.00,-2.91,-0.02
20230131112845855,2023-01-31 11:28:45,-13.09,0.00,-2.91,-8.73,-1.45,0.03
20230131112846086,2023-01-31 11:28:46,-21.82,0.00,-2.91,-16.00,-2.91,0.01
20230131112846338,2023-01-31 11:28:46,-8.73,0.00,1.45,-4.36,-5.82,0.01
20230131112846588,2023-01-31 11:28:46,-30.55,-10.18,2.91,-16.00,-7.27,0.03
20230131112846832,2023-01-31 11:28:46,-24.73,-7.27,2.91,-16.00,-4.36,0.01
20230131112847074,2023-01-31 11:28:47,-29.10,-8.73,-1.45,-16.00,-2.91,-0.03
20230131112847286,2023-01-31 11:28:47,-26.19,-2.91,-2.91,-16.00,-4.36,0.03
20230131112847497,2023-01-31 11:28:47,-18.91,-2.91,1.45,-16.00,-1.45,0.01
20230131112847705,2023-01-31 11:28:47,-23.28,-7.27,4.36,-16.00,-4.36,-0.02
20230131112848085,2023-01-31 11:28:48,-27.64,-2.91,-1.45,-16.00,-7.27,0.01
20230131112848362,2023-01-31 11:28:48,-29.10,-7.27,0.00,-16.00,-5.82,0.00
20230131112848609,2023-01-31 11:28:48,-27.64,-2.91,-1.45,-16.00,-7.27,0.00
20230131112848853,2023-01-31 11:28:48,-10.18,-5.82,2.91,-5.82,-1.45,-0.01
20230131112849086,2023-01-31 11:28:49,-27.64,-4.36,-2.91,-16.00,-4.36,0.01
20230131112849300,2023-01-31 11:28:49,-17.46,-7.27,-1.45,-7.27,-1.45,-0.01
20230131112849531,2023-01-31 11:28:49,-18.91,-2.91,0.00,-11.64,-4.36,-0.01
20230131112849743,2023-01-31 11:28:49,-4.36,-2.91,-1.45,0.00,0.00,0.00
20230131112849954,2023-01-31 11:28:49,-14.55,-8.73,1.45,-4.36,-2.91,-0.02
20230131112850268,2023-01-31 11:28:50,-20.37,-2.91,1.45,-14.55,-4.36,0.03
20230131112850616,2023-01-31 11:28:50,-7.27,-4.36,-1.45,0.00,-1.45,0.02
20230131112850869,2023-01-31 11:28:50,-8.73,-7.27,2.91,-1.45,-2.91,0.01
20230131112851110,2023-01-31 11:28:51,-16.00,-1.45,2.91,-16.00,-1.45,-0.03
20230131112851325,2023-01-31 11:28:51,-10.18,-2.91,-1.45,1.45,-7.27,0.00
20230131112851539,2023-01-31 11:28:51,-11.64,-7.27,5.82,-7.27,-2.91,0.03
20230131112851759,2023-01-31 11:28:51,-14.55,0.00,-1.45,-13.09,0.00,-0.01
20230131112852003,2023-01-31 11:28:51,-13.09,-8.73,1.45,-5.82,0.00,0.01
20230131112852242,2023-01-31 11:28:52,-23.28,-4.36,0.00,-16.00,-2.91,0.01
20230131112852536,2023-01-31 11:28:52,-8.73,-4.36,4.36,-7.27,-1.45,0.01
20230131112853095,2023-01-31 11:28:53,-4.36,0.00,2.91,-5.82,-1.45,0.00
20230131112853305,2023-01-31 11:28:53,-27.64,-7.27,1.45,-16.00,-5.82,0.01
20230131112853525,2023-01-31 11:28:53,-18.91,-1.45,-2.91,-10.18,-4.36,0.01
20230131112853733,2023-01-31 11:28:53,-23.28,-4.36,1.45,-16.00,-4.36,0.02
20230131112853944,2023-01-31 11:28:53,-13.09,-1.45,-1.45,-5.82,-4.36,0.05
