 , ,Total Pressure:, Pressure 1:, Pressure 2:, Pressure 3:, Pressure 4:, Horizontal:
20230115105604954, 2023-01-15 10:56:04 ,5.82,-7.27,0.00,11.64,1.45,0.00
20230115105605284, 2023-01-15 10:56:05 ,20.37,2.91,1.45,13.09,2.91,0.02
20230115105605610, 2023-01-15 10:56:05 ,5.82,-2.91,-2.91,8.73,2.91,0.01
20230115105605880, 2023-01-15 10:56:05 ,11.64,-1.45,1.45,11.64,0.00,-0.01
20230115105606145, 2023-01-15 10:56:06 ,1.45,-2.91,1.45,0.00,2.91,0.01
20230115105606410, 2023-01-15 10:56:06 ,14.55,-4.36,2.91,13.09,2.91,0.00
20230115105606680, 2023-01-15 10:56:06 ,1.45,1.45,0.00,1.45,-1.45,0.03
20230115105606947, 2023-01-15 10:56:06 ,1.45,0.00,0.00,0.00,1.45,0.01
20230115105607218, 2023-01-15 10:56:07 ,11.64,0.00,-2.91,11.64,2.91,0.01
20230115105607488, 2023-01-15 10:56:07 ,8.73,2.91,2.91,0.00,2.91,0.01
20230115105607757, 2023-01-15 10:56:07 ,-0.00,-7.27,0.00,8.73,-1.45,0.01
20230115105608020, 2023-01-15 10:56:08 ,7.27,-2.91,-2.91,10.18,2.91,0.01
20230115105608397, 2023-01-15 10:56:08 ,11.64,0.00,-1.45,10.18,2.91,0.03
20230115105608664, 2023-01-15 10:56:08 ,5.82,1.45,0.00,1.45,2.91,-0.01
20230115105608928, 2023-01-15 10:56:08 ,5.82,1.45,0.00,1.45,2.91,0.00
20230115105609200, 2023-01-15 10:56:09 ,0.00,-4.36,1.45,0.00,2.91,0.01
20230115105609465, 2023-01-15 10:56:09 ,5.82,-7.27,0.00,11.64,1.45,0.00
20230115105609735, 2023-01-15 10:56:09 ,-7.27,-2.91,-2.91,0.00,-1.45,0.01
20230115105610119, 2023-01-15 10:56:10 ,5.82,-1.45,0.00,8.73,-1.45,0.03
20230115105610540, 2023-01-15 10:56:10 ,-5.82,-5.82,0.00,0.00,0.00,0.00
20230115105610814, 2023-01-15 10:56:10 ,-4.36,-5.82,1.45,0.00,0.00,0.00
20230115105611087, 2023-01-15 10:56:11 ,2.91,-8.73,0.00,13.09,-1.45,0.02
20230115105611464, 2023-01-15 10:56:11 ,-4.36,-5.82,0.00,0.00,1.45,-0.01
20230115105611736, 2023-01-15 10:56:11 ,-1.45,-5.82,0.00,1.45,2.91,0.02
20230115105612010, 2023-01-15 10:56:11 ,-1.45,-5.82,-2.91,4.36,2.91,0.01
20230115105612279, 2023-01-15 10:56:12 ,-5.82,-1.45,-2.91,0.00,-1.45,-0.01
20230115105612542, 2023-01-15 10:56:12 ,1.45,-4.36,-2.91,10.18,-1.45,-0.02
20230115105612804, 2023-01-15 10:56:12 ,4.36,1.45,-1.45,0.00,4.36,-0.01
20230115105613078, 2023-01-15 10:56:13 ,2.91,0.00,2.91,0.00,0.00,0.01
20230115105613349, 2023-01-15 10:56:13 ,13.09,-2.91,1.45,11.64,2.91,0.01
20230115105613617, 2023-01-15 10:56:13 ,2.91,2.91,-1.45,0.00,1.45,0.03
20230115105613884, 2023-01-15 10:56:13 ,10.18,1.45,2.91,5.82,0.00,0.00
20230115105614149, 2023-01-15 10:56:14 ,0.00,-4.36,4.36,0.00,0.00,-0.01
20230115105614529, 2023-01-15 10:56:14 ,4.36,0.00,2.91,0.00,1.45,-0.02
20230115105614795, 2023-01-15 10:56:14 ,20.37,2.91,0.00,14.55,2.91,-0.01
20230115105615121, 2023-01-15 10:56:15 ,7.27,-2.91,-1.45,10.18,1.45,0.01
20230115105615666, 2023-01-15 10:56:15 ,17.46,4.36,0.00,13.09,0.00,0.00
20230115105616051, 2023-01-15 10:56:16 ,-5.82,-5.82,-1.45,0.00,1.45,-0.02
20230115105616447, 2023-01-15 10:56:16 ,11.64,2.91,0.00,10.18,-1.45,0.01
20230115105616822, 2023-01-15 10:56:16 ,-2.91,-1.45,-1.45,0.00,0.00,-0.01
20230115105617258, 2023-01-15 10:56:17 ,1.45,1.45,-2.91,0.00,2.91,0.00
20230115105617739, 2023-01-15 10:56:17 ,4.36,-1.45,1.45,1.45,2.91,0.01
20230115105618126, 2023-01-15 10:56:18 ,11.64,1.45,0.00,5.82,4.36,0.03
20230115105618427, 2023-01-15 10:56:18 ,16.00,2.91,0.00,13.09,0.00,-0.01
20230115105618699, 2023-01-15 10:56:18 ,-7.27,-4.36,-1.45,0.00,-1.45,0.00
20230115105618964, 2023-01-15 10:56:18 ,8.73,-4.36,1.45,11.64,0.00,0.00
20230115105619237, 2023-01-15 10:56:19 ,8.73,-5.82,-1.45,13.09,2.91,-0.01
20230115105619503, 2023-01-15 10:56:19 ,-2.91,-2.91,-2.91,0.00,2.91,0.01
20230115105619770, 2023-01-15 10:56:19 ,1.45,-7.27,1.45,8.73,-1.45,0.01
20230115105620033, 2023-01-15 10:56:20 ,-1.45,-1.45,0.00,0.00,0.00,0.00
20230115105632836, 2023-01-15 10:56:32 ,85.84,14.55,8.73,43.65,18.91,0.03
20230115105633069, 2023-01-15 10:56:33 ,113.48,32.01,14.55,39.28,27.64,0.00
20230115105633319, 2023-01-15 10:56:33 ,114.93,32.01,10.18,43.65,29.10,-0.04
20230115105633569, 2023-01-15 10:56:33 ,158.58,39.28,20.37,61.10,37.83,0.01
20230115105633792, 2023-01-15 10:56:33 ,186.22,46.56,27.64,68.38,43.65,0.00
20230115105634026, 2023-01-15 10:56:34 ,237.14,62.56,33.46,87.29,53.83,0.00
20230115105634259, 2023-01-15 10:56:34 ,276.42,75.65,40.74,88.75,71.29,-0.02
20230115105634494, 2023-01-15 10:56:34 ,309.89,84.38,46.56,106.21,72.74,0.00
20230115105634726, 2023-01-15 10:56:34 ,370.99,103.30,58.19,117.84,91.66,0.00
20230115105634954, 2023-01-15 10:56:34 ,451.01,128.03,77.11,132.39,113.48,0.04
20230115105635182, 2023-01-15 10:56:35 ,512.11,145.49,81.47,165.85,119.30,-0.01
20230115105635527, 2023-01-15 10:56:35 ,507.75,138.21,82.93,165.85,120.75,0.03
20230115105635755, 2023-01-15 10:56:35 ,480.11,141.12,78.56,145.49,114.93,0.00
20230115105635984, 2023-01-15 10:56:35 ,494.65,138.21,77.11,160.04,119.30,-0.02
20230115105636219, 2023-01-15 10:56:36 ,485.93,145.49,80.02,145.49,114.93,-0.03
20230115105636449, 2023-01-15 10:56:36 ,490.29,135.30,78.56,160.04,116.39,-0.01
20230115105636679, 2023-01-15 10:56:36 ,481.56,144.03,74.20,146.94,116.39,-0.01
20230115105636906, 2023-01-15 10:56:36 ,484.47,144.03,74.20,149.85,116.39,0.05
20230115105637132, 2023-01-15 10:56:37 ,478.65,142.58,71.29,146.94,117.84,0.02
20230115105637361, 2023-01-15 10:56:37 ,512.11,145.49,87.29,149.85,129.48,-0.01
20230115105637736, 2023-01-15 10:56:37 ,618.32,174.58,103.30,192.04,148.40,0.03
20230115105637968, 2023-01-15 10:56:37 ,616.86,178.95,106.21,180.40,151.31,0.03
20230115105638226, 2023-01-15 10:56:38 ,609.59,168.76,101.84,184.77,154.22,0.02
20230115105638532, 2023-01-15 10:56:38 ,613.95,178.95,101.84,184.77,148.40,0.00
20230115105638763, 2023-01-15 10:56:38 ,622.68,174.58,100.39,197.86,149.85,0.00
20230115105638987, 2023-01-15 10:56:38 ,618.32,174.58,96.02,200.77,146.94,-0.04
20230115105639213, 2023-01-15 10:56:39 ,606.68,171.67,100.39,184.77,149.85,0.01
20230115105639435, 2023-01-15 10:56:39 ,613.95,176.04,107.66,181.86,148.40,0.01
20230115105639661, 2023-01-15 10:56:39 ,612.50,167.31,96.02,199.32,149.85,-0.03
20230115105639887, 2023-01-15 10:56:39 ,605.22,173.13,101.84,184.77,145.49,0.01
20230115105640117, 2023-01-15 10:56:40 ,593.59,167.31,101.84,177.49,146.94,0.00
20230115105640346, 2023-01-15 10:56:40 ,368.08,101.84,50.92,130.94,84.38,-0.02
20230115105640572, 2023-01-15 10:56:40 ,119.30,29.10,13.09,48.01,29.10,-0.02
20230115105640798, 2023-01-15 10:56:40 ,42.19,5.82,4.36,24.73,7.27,-0.01
20230115105641062, 2023-01-15 10:56:41 ,14.55,-4.36,2.91,16.00,0.00,-0.03
20230115105641430, 2023-01-15 10:56:41 ,11.64,-5.82,0.00,14.55,2.91,0.00
20230115105641710, 2023-01-15 10:56:41 ,11.64,1.45,-1.45,7.27,4.36,0.01
20230115105642052, 2023-01-15 10:56:42 ,7.27,2.91,0.00,2.91,1.45,0.02
20230115105642426, 2023-01-15 10:56:42 ,7.27,2.91,1.45,0.00,2.91,0.03
20230115105642954, 2023-01-15 10:56:42 ,17.46,1.45,1.45,14.55,0.00,0.00
20230115105643378, 2023-01-15 10:56:43 ,11.64,-4.36,-1.45,14.55,2.91,0.03
20230115105643752, 2023-01-15 10:56:43 ,27.64,-2.91,4.36,21.82,4.36,0.01
20230115105644148, 2023-01-15 10:56:44 ,40.74,13.09,5.82,8.73,13.09,0.02
20230115105644668, 2023-01-15 10:56:44 ,109.11,23.28,17.46,42.19,26.19,0.01
20230115105645008, 2023-01-15 10:56:44 ,149.85,40.74,24.73,46.56,37.83,0.01
20230115105645308, 2023-01-15 10:56:45 ,245.87,66.92,37.83,88.75,52.38,0.00
20230115105645557, 2023-01-15 10:56:45 ,321.53,93.11,53.83,100.39,74.20,-0.02
20230115105645783, 2023-01-15 10:56:45 ,404.45,112.02,65.47,132.39,94.57,-0.03
20230115105646010, 2023-01-15 10:56:45 ,501.93,148.40,85.84,141.12,126.57,0.00
20230115105646240, 2023-01-15 10:56:46 ,640.14,177.49,109.11,197.86,155.67,0.02
20230115105646466, 2023-01-15 10:56:46 ,740.53,210.96,130.94,210.96,187.68,-0.04
20230115105646694, 2023-01-15 10:56:46 ,784.17,213.87,139.67,238.60,192.04,0.00
20230115105646923, 2023-01-15 10:56:46 ,772.53,218.23,135.30,228.41,190.59,-0.04
20230115105647148, 2023-01-15 10:56:47 ,773.99,221.14,133.85,231.32,187.68,0.04
20230115105647489, 2023-01-15 10:56:47 ,776.90,212.41,132.39,244.42,187.68,0.00
20230115105647712, 2023-01-15 10:56:47 ,776.90,222.59,132.39,234.23,187.68,0.02
20230115105648086, 2023-01-15 10:56:48 ,768.17,215.32,129.48,235.69,187.68,0.01
20230115105648317, 2023-01-15 10:56:48 ,605.22,171.67,98.93,189.13,145.49,-0.03
20230115105648540, 2023-01-15 10:56:48 ,117.84,27.64,21.82,43.65,24.73,0.01
20230115105648763, 2023-01-15 10:56:48 ,27.64,7.27,0.00,16.00,4.36,-0.01
20230115105649037, 2023-01-15 10:56:49 ,13.09,-1.45,-1.45,16.00,0.00,-0.01
20230115105649304, 2023-01-15 10:56:49 ,0.00,1.45,-1.45,0.00,0.00,0.03
20230115105649571, 2023-01-15 10:56:49 ,2.91,-5.82,2.91,5.82,0.00,-0.01
20230115105649837, 2023-01-15 10:56:49 ,10.18,1.45,2.91,4.36,1.45,0.02
20230115105650101, 2023-01-15 10:56:50 ,53.83,11.64,1.45,26.19,14.55,-0.01
20230115105650481, 2023-01-15 10:56:50 ,110.57,26.19,13.09,46.56,24.73,0.00
20230115105650706, 2023-01-15 10:56:50 ,177.49,53.83,24.73,59.65,39.28,0.01
20230115105650928, 2023-01-15 10:56:50 ,256.06,74.20,37.83,78.56,65.47,-0.01
20230115105651149, 2023-01-15 10:56:51 ,404.45,120.75,65.47,120.75,97.48,0.03
20230115105651379, 2023-01-15 10:56:51 ,529.57,158.58,88.75,152.76,129.48,0.02
20230115105651604, 2023-01-15 10:56:51 ,661.96,194.95,116.39,186.22,164.40,0.00
20230115105651833, 2023-01-15 10:56:51 ,672.15,189.13,120.75,196.41,165.85,-0.01
20230115105652054, 2023-01-15 10:56:52 ,682.33,197.86,117.84,199.32,167.31,0.02
20230115105652283, 2023-01-15 10:56:52 ,673.60,197.86,116.39,196.41,162.94,-0.03
20230115105652507, 2023-01-15 10:56:52 ,378.27,110.57,53.83,125.12,88.75,0.00
20230115105652734, 2023-01-15 10:56:52 ,78.56,11.64,11.64,37.83,17.46,-0.01
20230115105654885, 2023-01-15 10:56:54 ,14.55,8.73,-1.45,2.91,4.36,-0.01
20230115105655150, 2023-01-15 10:56:55 ,17.46,-5.82,1.45,18.91,2.91,-0.03
20230115105655502, 2023-01-15 10:56:55 ,16.00,-1.45,2.91,13.09,1.45,-0.01
20230115105655892, 2023-01-15 10:56:55 ,1.45,-1.45,2.91,1.45,-1.45,0.01
20230115105656364, 2023-01-15 10:56:56 ,11.64,1.45,0.00,7.27,2.91,0.02
20230115105656795, 2023-01-15 10:56:56 ,39.28,13.09,4.36,8.73,13.09,0.00
20230115105657166, 2023-01-15 10:56:57 ,91.66,32.01,11.64,23.28,24.73,0.01
20230115105657492, 2023-01-15 10:56:57 ,176.04,48.01,18.91,65.47,43.65,-0.01
20230115105657829, 2023-01-15 10:56:57 ,292.43,85.84,42.19,96.02,68.38,0.02
20230115105658308, 2023-01-15 10:56:58 ,391.36,116.39,64.01,113.48,97.48,-0.02
20230115105658601, 2023-01-15 10:56:58 ,560.12,165.85,94.57,160.04,139.67,0.00
20230115105658827, 2023-01-15 10:56:58 ,693.97,196.41,122.21,199.32,176.04,0.03
20230115105659054, 2023-01-15 10:56:59 ,778.35,221.14,139.67,225.50,192.04,-0.01
20230115105659397, 2023-01-15 10:56:59 ,794.36,228.41,141.12,232.78,192.04,0.02
20230115105659622, 2023-01-15 10:56:59 ,785.63,222.59,139.67,234.23,189.13,0.00
20230115105659847, 2023-01-15 10:56:59 ,785.63,222.59,133.85,241.51,187.68,0.00
20230115105700070, 2023-01-15 10:57:00 ,775.44,221.14,139.67,225.50,189.13,-0.02
20230115105700297, 2023-01-15 10:57:00 ,791.45,224.05,132.39,247.33,187.68,-0.02
20230115105700524, 2023-01-15 10:57:00 ,660.51,187.68,109.11,212.41,151.31,0.04
20230115105700757, 2023-01-15 10:57:00 ,149.85,39.28,20.37,61.10,29.10,0.01
20230115105700986, 2023-01-15 10:57:00 ,8.73,-1.45,2.91,4.36,2.91,0.01
20230115105701256, 2023-01-15 10:57:01 ,11.64,2.91,4.36,0.00,4.36,-0.01
20230115105701524, 2023-01-15 10:57:01 ,21.82,-2.91,5.82,16.00,2.91,-0.03
20230115105701797, 2023-01-15 10:57:01 ,18.91,2.91,0.00,13.09,2.91,-0.03
20230115105702061, 2023-01-15 10:57:02 ,26.19,5.82,1.45,14.55,4.36,0.01
20230115105702426, 2023-01-15 10:57:02 ,53.83,13.09,5.82,23.28,11.64,-0.01
20230115105702712, 2023-01-15 10:57:02 ,113.48,33.46,13.09,43.65,23.28,0.02
20230115105702938, 2023-01-15 10:57:02 ,206.59,56.74,24.73,75.65,49.47,-0.03
20230115105703333, 2023-01-15 10:57:03 ,330.25,96.02,53.83,94.57,85.84,-0.01
20230115105703556, 2023-01-15 10:57:03 ,480.11,138.21,81.47,139.67,120.75,0.00
20230115105703786, 2023-01-15 10:57:03 ,637.23,186.22,104.75,190.59,155.67,-0.02
20230115105704011, 2023-01-15 10:57:03 ,788.54,224.05,136.76,240.05,187.68,0.00
20230115105704235, 2023-01-15 10:57:04 ,795.81,229.87,142.58,235.69,187.68,-0.02
20230115105704463, 2023-01-15 10:57:04 ,794.36,221.14,138.21,247.33,187.68,-0.03
20230115105704686, 2023-01-15 10:57:04 ,765.26,221.14,132.39,225.50,186.22,0.02
20230115105704909, 2023-01-15 10:57:04 ,797.27,229.87,133.85,244.42,189.13,0.03
20230115105705135, 2023-01-15 10:57:05 ,660.51,187.68,109.11,213.87,149.85,0.01
20230115105705475, 2023-01-15 10:57:05 ,128.03,32.01,17.46,50.92,27.64,-0.01
20230115105705703, 2023-01-15 10:57:05 ,13.09,1.45,1.45,2.91,7.27,0.01
20230115105705969, 2023-01-15 10:57:05 ,1.45,-2.91,-1.45,1.45,4.36,0.03
20230115105706236, 2023-01-15 10:57:06 ,-1.45,-1.45,0.00,0.00,0.00,-0.01
20230115105706509, 2023-01-15 10:57:06 ,5.82,-4.36,4.36,4.36,1.45,0.02
20230115105706778, 2023-01-15 10:57:06 ,18.91,-2.91,2.91,14.55,4.36,-0.02
20230115105707047, 2023-01-15 10:57:07 ,17.46,1.45,1.45,7.27,7.27,0.02
20230115105707315, 2023-01-15 10:57:07 ,68.38,13.09,5.82,32.01,17.46,0.03
20230115105707582, 2023-01-15 10:57:07 ,132.39,37.83,21.82,42.19,30.55,-0.04
20230115105707807, 2023-01-15 10:57:07 ,210.96,55.28,29.10,78.56,48.01,0.00
20230115105708033, 2023-01-15 10:57:08 ,320.07,93.11,46.56,100.39,80.02,0.00
20230115105708404, 2023-01-15 10:57:08 ,451.01,129.48,72.74,139.67,109.11,-0.02
20230115105708638, 2023-01-15 10:57:08 ,600.86,176.04,97.48,183.31,144.03,0.03
20230115105708946, 2023-01-15 10:57:08 ,692.52,199.32,120.75,203.68,168.76,-0.01
20230115105709267, 2023-01-15 10:57:09 ,736.16,212.41,128.03,219.68,176.04,0.01
20230115105709602, 2023-01-15 10:57:09 ,749.26,206.59,126.57,238.60,177.49,-0.01
20230115105709916, 2023-01-15 10:57:09 ,750.71,208.05,129.48,240.05,173.13,-0.02
20230115105710245, 2023-01-15 10:57:10 ,744.89,206.59,122.21,238.60,177.49,0.02
20230115105710577, 2023-01-15 10:57:10 ,600.86,171.67,97.48,192.04,139.67,-0.01
20230115105710888, 2023-01-15 10:57:10 ,138.21,27.64,17.46,61.10,32.01,-0.01
20230115105711211, 2023-01-15 10:57:11 ,18.91,2.91,2.91,7.27,5.82,-0.01
20230115105711735, 2023-01-15 10:57:11 ,4.36,-2.91,0.00,7.27,0.00,0.02
20230115105712095, 2023-01-15 10:57:12 ,8.73,-4.36,-1.45,7.27,7.27,0.01
20230115105712373, 2023-01-15 10:57:12 ,49.47,7.27,5.82,18.91,17.46,0.03
20230115105712648, 2023-01-15 10:57:12 ,149.85,45.10,21.82,46.56,36.37,-0.03
20230115105712882, 2023-01-15 10:57:12 ,266.24,75.65,40.74,85.84,64.01,-0.01
20230115105713108, 2023-01-15 10:57:13 ,445.19,133.85,65.47,133.85,112.02,0.02
20230115105713496, 2023-01-15 10:57:13 ,653.23,190.59,112.02,186.22,164.40,0.02
20230115105713722, 2023-01-15 10:57:13 ,820.54,225.50,141.12,251.69,202.23,0.03
20230115105713955, 2023-01-15 10:57:13 ,838.00,235.69,146.94,256.06,199.32,0.01
20230115105714180, 2023-01-15 10:57:14 ,820.54,237.14,144.03,238.60,200.77,-0.01
20230115105714527, 2023-01-15 10:57:14 ,840.91,235.69,144.03,258.97,202.23,0.02
20230115105714754, 2023-01-15 10:57:14 ,806.00,229.87,144.03,235.69,196.41,0.00
20230115105714977, 2023-01-15 10:57:14 ,810.36,229.87,141.12,238.60,200.77,-0.03
20230115105715204, 2023-01-15 10:57:15 ,813.27,226.96,141.12,245.87,199.32,-0.01
20230115105715435, 2023-01-15 10:57:15 ,807.45,225.50,139.67,242.96,199.32,0.01
20230115105715658, 2023-01-15 10:57:15 ,340.44,96.02,48.01,120.75,75.65,-0.02
20230115105715888, 2023-01-15 10:57:15 ,49.47,14.55,5.82,17.46,11.64,0.01
20230115105716154, 2023-01-15 10:57:16 ,20.37,2.91,0.00,16.00,1.45,-0.02
20230115105716421, 2023-01-15 10:57:16 ,1.45,2.91,-2.91,0.00,1.45,-0.02
20230115105716690, 2023-01-15 10:57:16 ,-1.45,0.00,-1.45,0.00,0.00,-0.03
20230115105716954, 2023-01-15 10:57:16 ,17.46,-1.45,2.91,10.18,5.82,-0.03
20230115105717284, 2023-01-15 10:57:17 ,71.29,10.18,8.73,32.01,20.37,0.00
20230115105717603, 2023-01-15 10:57:17 ,164.40,46.56,26.19,52.38,39.28,0.00
20230115105717826, 2023-01-15 10:57:17 ,290.97,85.84,42.19,97.48,65.47,-0.01
20230115105718052, 2023-01-15 10:57:18 ,443.73,135.30,71.29,128.03,109.11,0.01
20230115105718282, 2023-01-15 10:57:18 ,539.76,168.76,91.66,154.22,125.12,-0.02
20230115105718657, 2023-01-15 10:57:18 ,542.66,164.40,85.84,170.22,122.21,0.03
20230115105718885, 2023-01-15 10:57:18 ,532.48,165.85,84.38,160.04,122.21,-0.01
20230115105719115, 2023-01-15 10:57:19 ,545.57,170.22,87.29,164.40,123.66,0.00
20230115105719346, 2023-01-15 10:57:19 ,544.12,170.22,84.38,168.76,120.75,0.00
20230115105719578, 2023-01-15 10:57:19 ,539.76,171.67,87.29,157.13,123.66,-0.01
20230115105719804, 2023-01-15 10:57:19 ,523.75,167.31,82.93,151.31,122.21,-0.02
20230115105720027, 2023-01-15 10:57:20 ,531.03,165.85,88.75,152.76,123.66,0.01
20230115105720248, 2023-01-15 10:57:20 ,522.30,168.76,81.47,151.31,120.75,-0.01
20230115105720594, 2023-01-15 10:57:20 ,533.94,161.49,87.29,162.94,122.21,0.00
20230115105720821, 2023-01-15 10:57:20 ,472.83,141.12,77.11,151.31,103.30,-0.02
20230115105721048, 2023-01-15 10:57:21 ,128.03,30.55,17.46,55.28,24.73,-0.01
20230115105721277, 2023-01-15 10:57:21 ,23.28,2.91,-1.45,18.91,2.91,-0.02
20230115105721551, 2023-01-15 10:57:21 ,10.18,2.91,5.82,1.45,0.00,0.01
20230115105721815, 2023-01-15 10:57:21 ,23.28,5.82,-1.45,14.55,4.36,0.03
20230115105722087, 2023-01-15 10:57:22 ,45.10,13.09,5.82,14.55,11.64,0.01
20230115105722509, 2023-01-15 10:57:22 ,103.30,24.73,17.46,36.37,24.73,0.02
20230115105722835, 2023-01-15 10:57:22 ,218.23,68.38,29.10,72.74,48.01,0.02
20230115105723156, 2023-01-15 10:57:23 ,365.17,116.39,53.83,113.48,81.47,0.02
20230115105723618, 2023-01-15 10:57:23 ,535.39,164.40,88.75,160.04,122.21,-0.01
20230115105723936, 2023-01-15 10:57:23 ,625.59,184.77,104.75,190.59,145.49,0.00
20230115105724274, 2023-01-15 10:57:24 ,631.41,193.50,110.57,184.77,142.58,-0.03
20230115105724602, 2023-01-15 10:57:24 ,637.23,192.04,109.11,196.41,139.67,0.01
20230115105724919, 2023-01-15 10:57:24 ,632.87,187.68,107.66,196.41,141.12,0.03
20230115105725247, 2023-01-15 10:57:25 ,627.05,193.50,104.75,187.68,141.12,-0.03
20230115105725551, 2023-01-15 10:57:25 ,634.32,187.68,107.66,199.32,139.67,0.01
20230115105725779, 2023-01-15 10:57:25 ,631.41,189.13,106.21,194.95,141.12,0.01
20230115105726006, 2023-01-15 10:57:25 ,547.03,170.22,93.11,164.40,119.30,0.01
20230115105726285, 2023-01-15 10:57:26 ,110.57,26.19,16.00,46.56,21.82,-0.01
20230115105726574, 2023-01-15 10:57:26 ,30.55,0.00,2.91,21.82,5.82,0.01
20230115105726849, 2023-01-15 10:57:26 ,21.82,7.27,1.45,11.64,1.45,0.00
20230115105727112, 2023-01-15 10:57:27 ,13.09,-4.36,-1.45,14.55,4.36,-0.02
20230115105727385, 2023-01-15 10:57:27 ,4.36,4.36,0.00,0.00,0.00,-0.02
20230115105727655, 2023-01-15 10:57:27 ,14.55,2.91,1.45,5.82,4.36,-0.01
20230115105727927, 2023-01-15 10:57:27 ,10.18,4.36,2.91,2.91,0.00,-0.01
20230115105728195, 2023-01-15 10:57:28 ,36.37,4.36,1.45,21.82,8.73,-0.01
20230115105728466, 2023-01-15 10:57:28 ,66.92,18.91,13.09,18.91,16.00,0.01
20230115105728742, 2023-01-15 10:57:28 ,151.31,45.10,23.28,46.56,36.37,0.01
20230115105729106, 2023-01-15 10:57:29 ,276.42,81.47,36.37,97.48,61.10,0.01
20230115105729399, 2023-01-15 10:57:29 ,397.18,125.12,58.19,125.12,88.75,-0.02
20230115105729667, 2023-01-15 10:57:29 ,565.94,162.94,91.66,176.04,135.30,0.03
20230115105729894, 2023-01-15 10:57:29 ,631.41,184.77,107.66,184.77,154.22,0.03
20230115105730117, 2023-01-15 10:57:30 ,736.16,221.14,125.12,210.96,178.95,-0.02
20230115105730345, 2023-01-15 10:57:30 ,730.34,216.77,126.57,206.59,180.40,0.00
20230115105730569, 2023-01-15 10:57:30 ,746.35,218.23,129.48,219.68,178.95,0.01
20230115105730790, 2023-01-15 10:57:30 ,723.07,213.87,125.12,205.14,178.95,0.00
20230115105731014, 2023-01-15 10:57:30 ,229.87,64.01,29.10,88.75,48.01,0.01
20230115105731238, 2023-01-15 10:57:31 ,29.10,8.73,1.45,8.73,10.18,-0.03
20230115105731510, 2023-01-15 10:57:31 ,27.64,-1.45,5.82,18.91,4.36,0.01
20230115105731784, 2023-01-15 10:57:31 ,17.46,0.00,4.36,11.64,1.45,0.03
20230115105732052, 2023-01-15 10:57:32 ,5.82,-2.91,4.36,0.00,4.36,0.00
20230115105732410, 2023-01-15 10:57:32 ,16.00,2.91,-1.45,13.09,1.45,-0.01
20230115105732705, 2023-01-15 10:57:32 ,8.73,4.36,4.36,0.00,0.00,-0.01
20230115105732983, 2023-01-15 10:57:32 ,0.00,-1.45,0.00,0.00,1.45,0.00
20230115105733260, 2023-01-15 10:57:33 ,23.28,0.00,0.00,17.46,5.82,-0.01
20230115105733539, 2023-01-15 10:57:33 ,46.56,2.91,2.91,27.64,13.09,0.00
20230115105733816, 2023-01-15 10:57:33 ,91.66,23.28,13.09,30.55,24.73,0.01
20230115105734227, 2023-01-15 10:57:34 ,173.13,50.92,26.19,52.38,43.65,0.03
20230115105734458, 2023-01-15 10:57:34 ,254.60,82.93,36.37,77.11,58.19,0.01
20230115105734696, 2023-01-15 10:57:34 ,340.44,101.84,52.38,103.30,82.93,-0.03
20230115105734924, 2023-01-15 10:57:34 ,429.19,138.21,66.92,129.48,94.57,0.00
20230115105735158, 2023-01-15 10:57:35 ,490.29,152.76,77.11,142.58,117.84,-0.01
20230115105735498, 2023-01-15 10:57:35 ,544.12,170.22,85.84,157.13,130.94,0.00
20230115105735788, 2023-01-15 10:57:35 ,544.12,167.31,88.75,158.58,129.48,0.00
20230115105736106, 2023-01-15 10:57:36 ,650.32,187.68,112.02,196.41,154.22,-0.03
20230115105736425, 2023-01-15 10:57:36 ,645.96,189.13,109.11,189.13,158.58,-0.03
20230115105736740, 2023-01-15 10:57:36 ,632.87,186.22,109.11,178.95,158.58,0.04
20230115105737079, 2023-01-15 10:57:37 ,632.87,187.68,107.66,178.95,158.58,0.01
20230115105737404, 2023-01-15 10:57:37 ,579.04,174.58,100.39,168.76,135.30,0.02
20230115105737738, 2023-01-15 10:57:37 ,110.57,27.64,21.82,39.28,21.82,-0.01
20230115105738061, 2023-01-15 10:57:38 ,13.09,0.00,4.36,2.91,5.82,0.01
20230115105738584, 2023-01-15 10:57:38 ,11.64,-4.36,-2.91,14.55,4.36,0.02
20230115105738960, 2023-01-15 10:57:38 ,8.73,0.00,-1.45,7.27,2.91,0.00
20230115105739372, 2023-01-15 10:57:39 ,18.91,-4.36,1.45,17.46,4.36,0.00
20230115105739636, 2023-01-15 10:57:39 ,-1.45,-5.82,1.45,0.00,2.91,0.00
20230115105739904, 2023-01-15 10:57:39 ,17.46,1.45,2.91,11.64,1.45,-0.01
20230115105740176, 2023-01-15 10:57:40 ,4.36,0.00,0.00,0.00,4.36,-0.03
20230115105740449, 2023-01-15 10:57:40 ,-1.45,-1.45,0.00,0.00,0.00,0.01
20230115105740713, 2023-01-15 10:57:40 ,17.46,-1.45,0.00,14.55,4.36,-0.01
20230115105740984, 2023-01-15 10:57:40 ,-2.91,-4.36,1.45,0.00,0.00,-0.01
20230115105741262, 2023-01-15 10:57:41 ,29.10,2.91,2.91,11.64,11.64,-0.02
20230115105741632, 2023-01-15 10:57:41 ,93.11,26.19,16.00,27.64,23.28,0.02
20230115105741855, 2023-01-15 10:57:41 ,170.22,50.92,26.19,50.92,42.19,0.01
20230115105742082, 2023-01-15 10:57:42 ,245.87,77.11,37.83,74.20,56.74,0.01
20230115105742313, 2023-01-15 10:57:42 ,378.27,114.93,56.74,122.21,84.38,0.00
20230115105742536, 2023-01-15 10:57:42 ,526.66,152.76,85.84,160.04,128.03,0.00
20230115105742760, 2023-01-15 10:57:42 ,597.95,176.04,94.57,178.95,148.40,-0.01
20230115105742989, 2023-01-15 10:57:42 ,606.68,183.31,96.02,177.49,149.85,-0.01
20230115105743222, 2023-01-15 10:57:43 ,611.04,178.95,97.48,189.13,145.49,-0.01
20230115105743450, 2023-01-15 10:57:43 ,609.59,176.04,98.93,192.04,142.58,-0.03
20230115105743679, 2023-01-15 10:57:43 ,602.31,178.95,97.48,178.95,146.94,-0.01
20230115105743902, 2023-01-15 10:57:43 ,446.64,130.94,68.38,148.40,98.93,-0.01
20230115105744128, 2023-01-15 10:57:44 ,82.93,18.91,10.18,37.83,16.00,0.01
20230115105744508, 2023-01-15 10:57:44 ,7.27,0.00,2.91,0.00,4.36,-0.03
20230115105744772, 2023-01-15 10:57:44 ,11.64,2.91,4.36,1.45,2.91,0.00
20230115105745038, 2023-01-15 10:57:45 ,0.00,-5.82,2.91,0.00,2.91,0.03
20230115105745312, 2023-01-15 10:57:45 ,-2.91,-4.36,1.45,0.00,0.00,-0.01
20230115105745576, 2023-01-15 10:57:45 ,2.91,-5.82,4.36,0.00,4.36,-0.02
20230115105745839, 2023-01-15 10:57:45 ,-2.91,-5.82,0.00,0.00,2.91,-0.01
20230115105746108, 2023-01-15 10:57:46 ,13.09,-4.36,-1.45,18.91,0.00,0.03
20230115105746375, 2023-01-15 10:57:46 ,-1.45,-1.45,-2.91,0.00,2.91,-0.01
20230115105746647, 2023-01-15 10:57:46 ,4.36,0.00,1.45,0.00,2.91,-0.03
20230115105746914, 2023-01-15 10:57:46 ,5.82,0.00,1.45,4.36,0.00,-0.01
20230115105747180, 2023-01-15 10:57:47 ,34.92,2.91,4.36,20.37,7.27,0.00
20230115105747559, 2023-01-15 10:57:47 ,65.47,17.46,8.73,21.82,17.46,0.01
20230115105747826, 2023-01-15 10:57:47 ,129.48,33.46,14.55,49.47,32.01,0.00
20230115105748049, 2023-01-15 10:57:48 ,215.32,59.65,30.55,71.29,53.83,0.03
20230115105748278, 2023-01-15 10:57:48 ,304.07,94.57,46.56,90.20,72.74,-0.01
20230115105748505, 2023-01-15 10:57:48 ,397.18,120.75,66.92,114.93,94.57,0.03
20230115105748730, 2023-01-15 10:57:48 ,424.82,125.12,65.47,138.21,96.02,-0.01
20230115105748955, 2023-01-15 10:57:48 ,529.57,152.76,82.93,162.94,130.94,0.01
20230115105749263, 2023-01-15 10:57:49 ,635.78,184.77,104.75,192.04,154.22,-0.03
20230115105749579, 2023-01-15 10:57:49 ,621.23,183.31,103.30,180.40,154.22,-0.01
20230115105749895, 2023-01-15 10:57:49 ,632.87,181.86,98.93,197.86,154.22,0.00
20230115105750215, 2023-01-15 10:57:50 ,634.32,184.77,100.39,196.41,152.76,-0.01
20230115105750689, 2023-01-15 10:57:50 ,627.05,187.68,97.48,187.68,154.22,-0.01
20230115105751018, 2023-01-15 10:57:50 ,615.41,184.77,98.93,181.86,149.85,-0.02
20230115105751350, 2023-01-15 10:57:51 ,615.41,183.31,97.48,184.77,149.85,-0.01
20230115105751676, 2023-01-15 10:57:51 ,609.59,178.95,100.39,177.49,152.76,0.03
20230115105752007, 2023-01-15 10:57:51 ,627.05,180.40,98.93,194.95,152.76,-0.02
20230115105752327, 2023-01-15 10:57:52 ,560.12,170.22,87.29,171.67,130.94,0.01
20230115105752549, 2023-01-15 10:57:52 ,158.58,45.10,23.28,58.19,32.01,0.02
20230115105752770, 2023-01-15 10:57:52 ,37.83,4.36,4.36,20.37,8.73,0.01
20230115105753033, 2023-01-15 10:57:53 ,2.91,1.45,0.00,0.00,1.45,0.01
20230115105753386, 2023-01-15 10:57:53 ,4.36,-5.82,-1.45,10.18,1.45,0.02
20230115105753690, 2023-01-15 10:57:53 ,7.27,1.45,4.36,0.00,1.45,0.00
20230115105753962, 2023-01-15 10:57:53 ,14.55,-2.91,0.00,17.46,0.00,-0.01
20230115105754226, 2023-01-15 10:57:54 ,10.18,-2.91,1.45,13.09,-1.45,-0.03
20230115105754494, 2023-01-15 10:57:54 ,5.82,-4.36,1.45,4.36,4.36,0.01
20230115105754758, 2023-01-15 10:57:54 ,2.91,-2.91,0.00,5.82,0.00,0.01
20230115105755159, 2023-01-15 10:57:55 ,18.91,-1.45,2.91,14.55,2.91,-0.01
20230115105755426, 2023-01-15 10:57:55 ,11.64,-5.82,5.82,8.73,2.91,-0.01
20230115105755693, 2023-01-15 10:57:55 ,7.27,0.00,1.45,4.36,1.45,-0.02
20230115105755957, 2023-01-15 10:57:55 ,13.09,-5.82,1.45,16.00,1.45,0.02
20230115105756254, 2023-01-15 10:57:56 ,10.18,0.00,0.00,7.27,2.91,0.01
20230115105756599, 2023-01-15 10:57:56 ,11.64,1.45,0.00,8.73,1.45,0.01
20230115105756868, 2023-01-15 10:57:56 ,11.64,2.91,-2.91,11.64,0.00,0.02
20230115105757131, 2023-01-15 10:57:57 ,4.36,2.91,0.00,0.00,1.45,-0.01
20230115105757409, 2023-01-15 10:57:57 ,2.91,-1.45,-1.45,5.82,0.00,0.01
20230115105757676, 2023-01-15 10:57:57 ,14.55,0.00,1.45,10.18,2.91,-0.02
20230115105757949, 2023-01-15 10:57:57 ,7.27,-4.36,-1.45,10.18,2.91,-0.01
20230115105758213, 2023-01-15 10:57:58 ,13.09,4.36,2.91,4.36,1.45,0.00
20230115105758491, 2023-01-15 10:57:58 ,11.64,-5.82,-2.91,16.00,4.36,-0.02
20230115105758765, 2023-01-15 10:57:58 ,34.92,5.82,0.00,14.55,14.55,-0.01
20230115105759031, 2023-01-15 10:57:59 ,64.01,11.64,5.82,27.64,18.91,0.00
20230115105759336, 2023-01-15 10:57:59 ,72.74,14.55,13.09,23.28,21.82,-0.01
20230115105759678, 2023-01-15 10:57:59 ,122.21,27.64,13.09,53.83,27.64,0.01
20230115105759903, 2023-01-15 10:57:59 ,145.49,48.01,18.91,42.19,36.37,-0.01
20230115105800263, 2023-01-15 10:58:00 ,184.77,53.83,27.64,62.56,40.74,-0.01
20230115105800489, 2023-01-15 10:58:00 ,183.31,50.92,30.55,61.10,40.74,-0.02
20230115105800713, 2023-01-15 10:58:00 ,258.97,77.11,36.37,91.66,53.83,-0.01
20230115105800937, 2023-01-15 10:58:00 ,250.24,77.11,33.46,81.47,58.19,0.02
20230115105801165, 2023-01-15 10:58:01 ,272.06,78.56,40.74,91.66,61.10,0.01
20230115105801398, 2023-01-15 10:58:01 ,341.89,101.84,49.47,112.02,78.56,-0.01
20230115105801620, 2023-01-15 10:58:01 ,395.72,120.75,62.56,122.21,90.20,-0.01
20230115105801845, 2023-01-15 10:58:01 ,398.63,117.84,61.10,128.03,91.66,-0.01
20230115105802068, 2023-01-15 10:58:02 ,410.27,122.21,58.19,136.76,93.11,0.01
20230115105802355, 2023-01-15 10:58:02 ,405.91,122.21,64.01,125.12,94.57,-0.01
20230115105802726, 2023-01-15 10:58:02 ,426.28,126.57,68.38,130.94,100.39,-0.01
20230115105803041, 2023-01-15 10:58:03 ,433.55,129.48,72.74,126.57,104.75,-0.01
20230115105803372, 2023-01-15 10:58:03 ,453.92,139.67,68.38,133.85,112.02,0.05
20230115105803696, 2023-01-15 10:58:03 ,491.74,146.94,75.65,149.85,119.30,-0.03
20230115105804067, 2023-01-15 10:58:04 ,504.84,149.85,81.47,149.85,123.66,0.02
20230115105804386, 2023-01-15 10:58:04 ,506.29,157.13,75.65,152.76,120.75,-0.01
20230115105804712, 2023-01-15 10:58:04 ,603.77,178.95,94.57,184.77,145.49,-0.01
20230115105805035, 2023-01-15 10:58:05 ,612.50,187.68,100.39,173.13,151.31,-0.02
20230115105805550, 2023-01-15 10:58:05 ,599.40,178.95,94.57,178.95,146.94,0.01
20230115105805837, 2023-01-15 10:58:05 ,619.77,186.22,96.02,190.59,146.94,-0.02
20230115105806067, 2023-01-15 10:58:06 ,618.32,187.68,96.02,190.59,144.03,0.01
20230115105806300, 2023-01-15 10:58:06 ,625.59,186.22,98.93,192.04,148.40,0.03
20230115105806523, 2023-01-15 10:58:06 ,596.49,178.95,94.57,174.58,148.40,-0.02
20230115105806745, 2023-01-15 10:58:06 ,605.22,178.95,91.66,187.68,146.94,-0.01
20230115105806970, 2023-01-15 10:58:06 ,599.40,183.31,101.84,170.22,144.03,-0.01
20230115105807192, 2023-01-15 10:58:07 ,613.95,177.49,96.02,192.04,148.40,-0.01
20230115105807420, 2023-01-15 10:58:07 ,597.95,184.77,93.11,176.04,144.03,0.00
20230115105807651, 2023-01-15 10:58:07 ,615.41,178.95,96.02,194.95,145.49,0.04
20230115105807883, 2023-01-15 10:58:07 ,608.13,181.86,96.02,183.31,146.94,-0.02
20230115105808115, 2023-01-15 10:58:08 ,589.22,178.95,93.11,171.67,145.49,0.01
20230115105808454, 2023-01-15 10:58:08 ,576.13,174.58,91.66,173.13,136.76,0.03
20230115105808677, 2023-01-15 10:58:08 ,184.77,50.92,27.64,71.29,34.92,0.01
20230115105808910, 2023-01-15 10:58:08 ,17.46,2.91,2.91,8.73,2.91,-0.01
20230115105809173, 2023-01-15 10:58:09 ,26.19,2.91,2.91,17.46,2.91,0.01
20230115105809441, 2023-01-15 10:58:09 ,16.00,4.36,2.91,4.36,4.36,0.00
20230115105809704, 2023-01-15 10:58:09 ,-1.45,-2.91,-1.45,0.00,2.91,0.01
20230115105809973, 2023-01-15 10:58:09 ,0.00,-2.91,0.00,0.00,2.91,-0.01
20230115105810249, 2023-01-15 10:58:10 ,0.00,-5.82,2.91,2.91,0.00,0.01
20230115105810659, 2023-01-15 10:58:10 ,17.46,2.91,1.45,10.18,2.91,0.01
20230115105810929, 2023-01-15 10:58:10 ,7.27,-4.36,0.00,10.18,1.45,0.01
20230115105811196, 2023-01-15 10:58:11 ,-2.91,-2.91,-2.91,1.45,1.45,0.01
20230115105811585, 2023-01-15 10:58:11 ,-2.91,-2.91,-1.45,0.00,1.45,0.02
20230115105811852, 2023-01-15 10:58:11 ,4.36,-2.91,-2.91,5.82,4.36,0.00
20230115105812120, 2023-01-15 10:58:12 ,10.18,1.45,0.00,7.27,1.45,0.00
20230115105812395, 2023-01-15 10:58:12 ,-4.36,-5.82,1.45,0.00,0.00,0.00
20230115105812664, 2023-01-15 10:58:12 ,4.36,-1.45,1.45,0.00,4.36,-0.01
20230115105812938, 2023-01-15 10:58:12 ,-4.36,-5.82,-1.45,0.00,2.91,-0.01
20230115105813206, 2023-01-15 10:58:13 ,4.36,-1.45,4.36,0.00,1.45,0.01
20230115105813489, 2023-01-15 10:58:13 ,13.09,-5.82,2.91,10.18,5.82,0.03
20230115105813758, 2023-01-15 10:58:13 ,14.55,-5.82,1.45,16.00,2.91,0.01
20230115105814024, 2023-01-15 10:58:14 ,16.00,4.36,-1.45,7.27,5.82,0.02
20230115105814374, 2023-01-15 10:58:14 ,56.74,14.55,4.36,24.73,13.09,0.00
20230115105814669, 2023-01-15 10:58:14 ,93.11,21.82,10.18,39.28,21.82,0.02
20230115105814894, 2023-01-15 10:58:14 ,144.03,42.19,18.91,48.01,34.92,0.00
20230115105815116, 2023-01-15 10:58:15 ,176.04,55.28,23.28,56.74,40.74,0.00
20230115105815342, 2023-01-15 10:58:15 ,272.06,84.38,36.37,88.75,62.56,-0.01
20230115105815707, 2023-01-15 10:58:15 ,322.98,97.48,50.92,98.93,75.65,-0.01
20230115105815945, 2023-01-15 10:58:15 ,401.54,123.66,66.92,116.39,94.57,0.02
20230115105816284, 2023-01-15 10:58:16 ,510.66,148.40,80.02,160.04,122.21,0.02
20230115105816600, 2023-01-15 10:58:16 ,509.20,154.22,81.47,149.85,123.66,0.02
20230115105816929, 2023-01-15 10:58:16 ,542.66,165.85,90.20,157.13,129.48,0.01
20230115105817314, 2023-01-15 10:58:17 ,555.76,161.49,87.29,173.13,133.85,-0.02
20230115105817720, 2023-01-15 10:58:17 ,544.12,167.31,85.84,160.04,130.94,-0.01
20230115105818038, 2023-01-15 10:58:18 ,535.39,160.04,91.66,157.13,126.57,0.03
20230115105818369, 2023-01-15 10:58:18 ,557.21,160.04,88.75,178.95,129.48,0.01
20230115105818693, 2023-01-15 10:58:18 ,541.21,168.76,85.84,160.04,126.57,0.00
20230115105819010, 2023-01-15 10:58:18 ,538.30,161.49,91.66,155.67,129.48,0.02
20230115105819301, 2023-01-15 10:58:19 ,551.39,162.94,87.29,174.58,126.57,0.01
20230115105819534, 2023-01-15 10:58:19 ,547.03,158.58,88.75,173.13,126.57,0.01
20230115105819760, 2023-01-15 10:58:19 ,548.48,165.85,88.75,167.31,126.57,-0.01
20230115105819990, 2023-01-15 10:58:19 ,544.12,165.85,87.29,161.49,129.48,-0.01
20230115105820217, 2023-01-15 10:58:20 ,535.39,158.58,85.84,162.94,128.03,0.02
20230115105820554, 2023-01-15 10:58:20 ,533.94,158.58,84.38,161.49,129.48,0.03
20230115105820921, 2023-01-15 10:58:20 ,536.85,158.58,85.84,162.94,129.48,-0.03
20230115105821144, 2023-01-15 10:58:21 ,532.48,158.58,85.84,160.04,128.03,0.01
20230115105821377, 2023-01-15 10:58:21 ,487.38,146.94,74.20,155.67,110.57,0.00
20230115105821602, 2023-01-15 10:58:21 ,103.30,23.28,17.46,40.74,21.82,0.01
20230115105821831, 2023-01-15 10:58:21 ,10.18,4.36,1.45,2.91,1.45,0.01
20230115105822099, 2023-01-15 10:58:22 ,1.45,-4.36,0.00,5.82,0.00,0.02
20230115105822367, 2023-01-15 10:58:22 ,11.64,-2.91,1.45,10.18,2.91,-0.01
20230115105822634, 2023-01-15 10:58:22 ,-1.45,-4.36,1.45,0.00,1.45,-0.02
20230115105822898, 2023-01-15 10:58:22 ,18.91,1.45,-1.45,13.09,5.82,-0.01
20230115105823168, 2023-01-15 10:58:23 ,5.82,0.00,4.36,0.00,1.45,0.01
20230115105823553, 2023-01-15 10:58:23 ,-1.45,-5.82,1.45,0.00,2.91,0.01
20230115105823826, 2023-01-15 10:58:23 ,8.73,-4.36,-2.91,13.09,2.91,-0.02
20230115105824093, 2023-01-15 10:58:24 ,17.46,0.00,1.45,11.64,4.36,-0.01
20230115105824360, 2023-01-15 10:58:24 ,17.46,0.00,1.45,11.64,4.36,0.00
20230115105824631, 2023-01-15 10:58:24 ,13.09,-2.91,2.91,10.18,2.91,-0.01
20230115105824895, 2023-01-15 10:58:24 ,8.73,-4.36,1.45,8.73,2.91,-0.01
20230115105825159, 2023-01-15 10:58:25 ,-4.36,-4.36,-2.91,0.00,2.91,0.02
20230115105825430, 2023-01-15 10:58:25 ,7.27,-4.36,-1.45,10.18,2.91,-0.01
20230115105825698, 2023-01-15 10:58:25 ,13.09,0.00,1.45,11.64,0.00,-0.03
20230115105826107, 2023-01-15 10:58:26 ,-5.82,-4.36,0.00,0.00,-1.45,-0.01
20230115105826484, 2023-01-15 10:58:26 ,4.36,-1.45,1.45,2.91,1.45,-0.01
20230115105826752, 2023-01-15 10:58:26 ,30.55,2.91,2.91,18.91,5.82,-0.03
20230115105827020, 2023-01-15 10:58:27 ,42.19,10.18,0.00,18.91,13.09,-0.02
20230115105827291, 2023-01-15 10:58:27 ,78.56,21.82,8.73,21.82,26.19,0.00
20230115105827514, 2023-01-15 10:58:27 ,165.85,48.01,26.19,53.83,37.83,0.01
20230115105827736, 2023-01-15 10:58:27 ,208.05,65.47,29.10,64.01,49.47,-0.01
20230115105827958, 2023-01-15 10:58:27 ,222.59,66.92,27.64,74.20,53.83,-0.01
20230115105828203, 2023-01-15 10:58:28 ,299.70,84.38,42.19,98.93,74.20,0.00
20230115105828430, 2023-01-15 10:58:28 ,373.90,109.11,53.83,119.30,91.66,0.03
20230115105828659, 2023-01-15 10:58:28 ,394.27,119.30,59.65,114.93,100.39,0.02
20230115105828886, 2023-01-15 10:58:28 ,448.10,129.48,69.83,133.85,114.93,0.01
20230115105829122, 2023-01-15 10:58:29 ,529.57,155.67,82.93,158.58,132.39,0.01
20230115105829491, 2023-01-15 10:58:29 ,536.85,158.58,78.56,167.31,132.39,-0.01
20230115105829849, 2023-01-15 10:58:29 ,533.94,152.76,81.47,168.76,130.94,-0.02
20230115105830171, 2023-01-15 10:58:30 ,583.40,173.13,87.29,177.49,145.49,0.00
20230115105830509, 2023-01-15 10:58:30 ,603.77,178.95,94.57,174.58,155.67,0.03
20230115105830833, 2023-01-15 10:58:30 ,619.77,183.31,94.57,184.77,157.13,0.01
20230115105831279, 2023-01-15 10:58:31 ,638.69,184.77,100.39,192.04,161.49,0.01
20230115105831596, 2023-01-15 10:58:31 ,647.42,189.13,104.75,192.04,161.49,-0.01
20230115105831928, 2023-01-15 10:58:31 ,648.87,186.22,104.75,196.41,161.49,-0.01
20230115105832283, 2023-01-15 10:58:32 ,634.32,183.31,96.02,194.95,160.04,0.03
20230115105832701, 2023-01-15 10:58:32 ,632.87,183.31,101.84,189.13,158.58,-0.01
20230115105832923, 2023-01-15 10:58:32 ,628.50,180.40,97.48,190.59,160.04,0.01
20230115105833148, 2023-01-15 10:58:33 ,637.23,186.22,100.39,189.13,161.49,-0.01
20230115105833381, 2023-01-15 10:58:33 ,635.78,186.22,101.84,186.22,161.49,0.03
20230115105833607, 2023-01-15 10:58:33 ,640.14,186.22,98.93,193.50,161.49,-0.01
20230115105833834, 2023-01-15 10:58:33 ,631.41,189.13,98.93,181.86,161.49,0.02
20230115105834063, 2023-01-15 10:58:34 ,634.32,186.22,96.02,193.50,158.58,0.01
20230115105834296, 2023-01-15 10:58:34 ,640.14,184.77,96.02,200.77,158.58,0.02
20230115105834543, 2023-01-15 10:58:34 ,634.32,189.13,98.93,186.22,160.04,0.00
20230115105834788, 2023-01-15 10:58:34 ,619.77,181.86,94.57,186.22,157.13,0.00
20230115105835012, 2023-01-15 10:58:34 ,625.59,189.13,93.11,184.77,158.58,-0.01
20230115105835276, 2023-01-15 10:58:35 ,635.78,187.68,96.02,192.04,160.04,-0.02
20230115105835589, 2023-01-15 10:58:35 ,624.14,181.86,97.48,184.77,160.04,0.00
20230115105835810, 2023-01-15 10:58:35 ,629.96,181.86,96.02,190.59,161.49,0.02
20230115105836039, 2023-01-15 10:58:36 ,641.60,189.13,98.93,196.41,157.13,0.01
20230115105836399, 2023-01-15 10:58:36 ,628.50,181.86,100.39,190.59,155.67,-0.03
20230115105836624, 2023-01-15 10:58:36 ,615.41,181.86,98.93,177.49,157.13,0.01
20230115105836851, 2023-01-15 10:58:36 ,634.32,181.86,98.93,197.86,155.67,-0.02
20230115105837083, 2023-01-15 10:58:37 ,622.68,186.22,98.93,181.86,155.67,0.02
20230115105837312, 2023-01-15 10:58:37 ,629.96,184.77,97.48,184.77,162.94,0.03
20230115105837541, 2023-01-15 10:58:37 ,609.59,183.31,94.57,180.40,151.31,0.00
20230115105837766, 2023-01-15 10:58:37 ,209.50,53.83,30.55,81.47,43.65,-0.03
20230115105837996, 2023-01-15 10:58:37 ,40.74,10.18,4.36,21.82,4.36,0.03
20230115105838351, 2023-01-15 10:58:38 ,13.09,1.45,1.45,5.82,4.36,0.01
20230115105838639, 2023-01-15 10:58:38 ,2.91,-5.82,5.82,1.45,1.45,0.01
20230115105838908, 2023-01-15 10:58:38 ,4.36,2.91,-1.45,0.00,2.91,0.01
20230115105839174, 2023-01-15 10:58:39 ,10.18,1.45,5.82,0.00,2.91,0.01
20230115105839441, 2023-01-15 10:58:39 ,-1.45,-5.82,1.45,1.45,1.45,-0.01
20230115105839708, 2023-01-15 10:58:39 ,20.37,1.45,-1.45,16.00,4.36,-0.01
20230115105839976, 2023-01-15 10:58:39 ,0.00,-4.36,1.45,0.00,2.91,0.01
20230115105840244, 2023-01-15 10:58:40 ,2.91,-2.91,-1.45,4.36,2.91,-0.01
20230115105840515, 2023-01-15 10:58:40 ,1.45,-1.45,2.91,0.00,0.00,-0.02
20230115105840786, 2023-01-15 10:58:40 ,0.00,-4.36,1.45,0.00,2.91,0.02
20230115105841050, 2023-01-15 10:58:41 ,11.64,1.45,0.00,10.18,0.00,-0.01
20230115105841487, 2023-01-15 10:58:41 ,5.82,0.00,4.36,0.00,1.45,-0.01
20230115105841754, 2023-01-15 10:58:41 ,13.09,-1.45,0.00,14.55,0.00,-0.01
20230115105842021, 2023-01-15 10:58:42 ,5.82,0.00,-1.45,5.82,1.45,0.02
20230115105842288, 2023-01-15 10:58:42 ,8.73,-5.82,4.36,8.73,1.45,0.01
20230115105842551, 2023-01-15 10:58:42 ,11.64,1.45,0.00,8.73,1.45,0.01
20230115105842833, 2023-01-15 10:58:42 ,-1.45,-4.36,-1.45,1.45,2.91,-0.01
20230115105843225, 2023-01-15 10:58:43 ,8.73,-2.91,-2.91,14.55,0.00,0.01
20230115105843624, 2023-01-15 10:58:43 ,17.46,1.45,1.45,11.64,2.91,-0.03
20230115105844012, 2023-01-15 10:58:43 ,13.09,-1.45,2.91,5.82,5.82,-0.02
20230115105844552, 2023-01-15 10:58:44 ,37.83,4.36,1.45,20.37,11.64,-0.03
20230115105844972, 2023-01-15 10:58:44 ,58.19,10.18,7.27,21.82,18.91,0.01
20230115105845369, 2023-01-15 10:58:45 ,101.84,27.64,14.55,30.55,29.10,-0.02
20230115105845686, 2023-01-15 10:58:45 ,141.12,36.37,20.37,46.56,37.83,-0.01
20230115105846011, 2023-01-15 10:58:45 ,222.59,62.56,30.55,72.74,56.74,-0.01
20230115105846257, 2023-01-15 10:58:46 ,272.06,81.47,42.19,77.11,71.29,0.00
20230115105846622, 2023-01-15 10:58:46 ,337.53,96.02,53.83,101.84,85.84,-0.02
20230115105846845, 2023-01-15 10:58:46 ,433.55,125.12,65.47,133.85,109.11,0.03
20230115105847067, 2023-01-15 10:58:47 ,436.46,133.85,68.38,126.57,107.66,0.00
20230115105847403, 2023-01-15 10:58:47 ,506.29,145.49,77.11,160.04,123.66,-0.01
20230115105847641, 2023-01-15 10:58:47 ,564.49,161.49,88.75,168.76,145.49,-0.01
20230115105847865, 2023-01-15 10:58:47 ,619.77,178.95,100.39,189.13,151.31,0.01
20230115105848088, 2023-01-15 10:58:48 ,622.68,181.86,100.39,190.59,149.85,-0.01
20230115105848314, 2023-01-15 10:58:48 ,612.50,174.58,96.02,192.04,149.85,-0.03
20230115105848539, 2023-01-15 10:58:48 ,616.86,178.95,94.57,194.95,148.40,0.01
20230115105848766, 2023-01-15 10:58:48 ,603.77,178.95,96.02,177.49,151.31,-0.03
20230115105848994, 2023-01-15 10:58:48 ,602.31,174.58,96.02,184.77,146.94,0.03
20230115105849220, 2023-01-15 10:58:49 ,568.85,167.31,91.66,168.76,141.12,0.03
20230115105849450, 2023-01-15 10:58:49 ,226.96,61.10,34.92,80.02,50.92,-0.01
20230115105849673, 2023-01-15 10:58:49 ,33.46,11.64,2.91,10.18,8.73,-0.01
20230115105849937, 2023-01-15 10:58:49 ,11.64,0.00,0.00,8.73,2.91,0.01
20230115105850204, 2023-01-15 10:58:50 ,13.09,-5.82,0.00,14.55,4.36,-0.01
20230115105850600, 2023-01-15 10:58:50 ,5.82,1.45,1.45,1.45,1.45,0.01
20230115105850878, 2023-01-15 10:58:50 ,1.45,1.45,-1.45,0.00,1.45,0.01
20230115105851158, 2023-01-15 10:58:51 ,10.18,2.91,-1.45,5.82,2.91,-0.03
20230115105851452, 2023-01-15 10:58:51 ,5.82,-5.82,0.00,10.18,1.45,0.00
20230115105851872, 2023-01-15 10:58:51 ,16.00,1.45,-2.91,16.00,1.45,-0.01
20230115105852151, 2023-01-15 10:58:52 ,-4.36,-5.82,-1.45,0.00,2.91,0.01
20230115105852427, 2023-01-15 10:58:52 ,7.27,-4.36,0.00,10.18,1.45,-0.01
20230115105852697, 2023-01-15 10:58:52 ,4.36,-2.91,-1.45,7.27,1.45,0.01
20230115105852962, 2023-01-15 10:58:52 ,10.18,1.45,-1.45,10.18,0.00,-0.02
20230115105853226, 2023-01-15 10:58:53 ,14.55,-4.36,1.45,14.55,2.91,0.03
20230115105853613, 2023-01-15 10:58:53 ,7.27,-4.36,-1.45,13.09,0.00,0.02
20230115105853889, 2023-01-15 10:58:53 ,7.27,-5.82,-1.45,11.64,2.91,-0.01
20230115105854156, 2023-01-15 10:58:54 ,-4.36,-1.45,-2.91,0.00,0.00,0.01
20230115105854430, 2023-01-15 10:58:54 ,1.45,2.91,-4.36,1.45,1.45,0.01
20230115105854705, 2023-01-15 10:58:54 ,11.64,5.82,-4.36,8.73,1.45,-0.01
20230115105854971, 2023-01-15 10:58:54 ,10.18,-1.45,1.45,7.27,2.91,0.03
20230115105855243, 2023-01-15 10:58:55 ,17.46,1.45,1.45,14.55,0.00,0.03
20230115105855521, 2023-01-15 10:58:55 ,1.45,-1.45,0.00,0.00,2.91,0.01
20230115105855796, 2023-01-15 10:58:55 ,1.45,1.45,-1.45,1.45,0.00,-0.03
20230115105856059, 2023-01-15 10:58:56 ,14.55,0.00,-4.36,17.46,1.45,0.00
20230115105856556, 2023-01-15 10:58:56 ,5.82,4.36,-4.36,1.45,4.36,0.01
20230115105857090, 2023-01-15 10:58:57 ,0.00,1.45,-1.45,0.00,0.00,0.03
20230115105857467, 2023-01-15 10:58:57 ,11.64,2.91,-2.91,8.73,2.91,-0.03
20230115105857856, 2023-01-15 10:58:57 ,-1.45,-1.45,-1.45,0.00,1.45,0.00
20230115105858240, 2023-01-15 10:58:58 ,-5.82,-1.45,-2.91,0.00,-1.45,0.02
20230115105858638, 2023-01-15 10:58:58 ,7.27,0.00,-4.36,13.09,-1.45,-0.01
20230115105859022, 2023-01-15 10:58:58 ,7.27,-1.45,0.00,8.73,0.00,-0.01
20230115105859512, 2023-01-15 10:58:59 ,2.91,1.45,-1.45,1.45,1.45,0.01
20230115105859800, 2023-01-15 10:58:59 ,2.91,1.45,-1.45,0.00,2.91,0.01
20230115105900065, 2023-01-15 10:59:00 ,8.73,1.45,-4.36,11.64,0.00,0.01
20230115105900336, 2023-01-15 10:59:00 ,-2.91,0.00,-1.45,0.00,-1.45,-0.01
20230115105900603, 2023-01-15 10:59:00 ,1.45,0.00,1.45,0.00,0.00,0.02
20230115105900872, 2023-01-15 10:59:00 ,-2.91,-2.91,-4.36,0.00,4.36,0.03
20230115105901142, 2023-01-15 10:59:01 ,5.82,0.00,2.91,0.00,2.91,-0.01
20230115105901412, 2023-01-15 10:59:01 ,4.36,5.82,-2.91,1.45,0.00,0.01
20230115105901687, 2023-01-15 10:59:01 ,2.91,0.00,0.00,2.91,0.00,0.00
20230115105902114, 2023-01-15 10:59:02 ,11.64,0.00,0.00,11.64,0.00,0.01
20230115105902496, 2023-01-15 10:59:02 ,5.82,1.45,1.45,1.45,1.45,0.01
20230115105902764, 2023-01-15 10:59:02 ,1.45,1.45,-4.36,0.00,4.36,0.01
20230115105903029, 2023-01-15 10:59:03 ,8.73,-1.45,0.00,5.82,4.36,0.03
20230115105903300, 2023-01-15 10:59:03 ,20.37,1.45,-4.36,20.37,2.91,0.01
20230115105903573, 2023-01-15 10:59:03 ,30.55,0.00,2.91,20.37,7.27,0.02
20230115105903843, 2023-01-15 10:59:03 ,42.19,8.73,1.45,18.91,13.09,-0.02
20230115105904110, 2023-01-15 10:59:04 ,93.11,16.00,10.18,40.74,26.19,0.02
20230115105904339, 2023-01-15 10:59:04 ,144.03,29.10,20.37,56.74,37.83,0.00
20230115105904564, 2023-01-15 10:59:04 ,200.77,53.83,26.19,68.38,52.38,0.03
20230115105904793, 2023-01-15 10:59:04 ,253.15,75.65,36.37,71.29,69.83,-0.03
20230115105905019, 2023-01-15 10:59:05 ,324.43,98.93,45.10,97.48,82.93,0.01
20230115105905276, 2023-01-15 10:59:05 ,386.99,112.02,58.19,114.93,101.84,0.01
20230115105905586, 2023-01-15 10:59:05 ,449.55,128.03,62.56,144.03,114.93,-0.01
20230115105905815, 2023-01-15 10:59:05 ,516.48,157.13,75.65,149.85,133.85,0.03
20230115105906043, 2023-01-15 10:59:06 ,533.94,157.13,80.02,165.85,130.94,0.02
20230115105906272, 2023-01-15 10:59:06 ,517.93,152.76,74.20,157.13,133.85,-0.01
20230115105906498, 2023-01-15 10:59:06 ,532.48,155.67,80.02,164.40,132.39,0.02
20230115105906722, 2023-01-15 10:59:06 ,512.11,152.76,71.29,158.58,129.48,0.00
20230115105907094, 2023-01-15 10:59:07 ,517.93,151.31,80.02,157.13,129.48,0.03
20230115105907323, 2023-01-15 10:59:07 ,525.21,151.31,77.11,164.40,132.39,0.00
20230115105907548, 2023-01-15 10:59:07 ,193.50,52.38,27.64,68.38,45.10,-0.01
20230115105907775, 2023-01-15 10:59:07 ,37.83,7.27,4.36,18.91,7.27,0.01
20230115105908047, 2023-01-15 10:59:08 ,0.00,0.00,-4.36,0.00,4.36,0.00
20230115105908334, 2023-01-15 10:59:08 ,4.36,1.45,0.00,0.00,2.91,0.00
20230115105908694, 2023-01-15 10:59:08 ,-2.91,-1.45,-2.91,1.45,0.00,0.01
20230115105908958, 2023-01-15 10:59:08 ,2.91,-2.91,-1.45,7.27,0.00,-0.01
20230115105909228, 2023-01-15 10:59:09 ,0.00,2.91,-4.36,0.00,1.45,-0.03
20230115105909500, 2023-01-15 10:59:09 ,14.55,-1.45,0.00,7.27,8.73,-0.01
20230115105909810, 2023-01-15 10:59:09 ,49.47,11.64,1.45,17.46,18.91,0.01
20230115105910203, 2023-01-15 10:59:10 ,113.48,29.10,14.55,36.37,33.46,-0.02
20230115105910521, 2023-01-15 10:59:10 ,203.68,55.28,27.64,69.83,50.92,0.05
20230115105910853, 2023-01-15 10:59:10 ,299.70,88.75,40.74,90.20,80.02,-0.02
20230115105911182, 2023-01-15 10:59:11 ,370.99,107.66,52.38,119.30,91.66,-0.03
20230115105911638, 2023-01-15 10:59:11 ,440.82,123.66,64.01,136.76,116.39,0.00
20230115105911960, 2023-01-15 10:59:11 ,468.47,136.76,74.20,139.67,117.84,-0.01
20230115105912428, 2023-01-15 10:59:12 ,467.01,135.30,68.38,145.49,117.84,-0.01
20230115105912744, 2023-01-15 10:59:12 ,462.65,136.76,66.92,139.67,119.30,-0.01
20230115105913029, 2023-01-15 10:59:13 ,548.48,160.04,88.75,155.67,144.03,0.01
20230115105913255, 2023-01-15 10:59:13 ,576.13,162.94,90.20,170.22,152.76,0.03
20230115105913492, 2023-01-15 10:59:13 ,580.49,168.76,85.84,174.58,151.31,-0.01
20230115105913719, 2023-01-15 10:59:13 ,580.49,165.85,93.11,174.58,146.94,0.02
20230115105913942, 2023-01-15 10:59:13 ,581.95,170.22,88.75,174.58,148.40,0.04
20230115105914164, 2023-01-15 10:59:14 ,565.94,168.76,90.20,161.49,145.49,0.03
20230115105914500, 2023-01-15 10:59:14 ,570.31,162.94,82.93,176.04,148.40,-0.01
20230115105914723, 2023-01-15 10:59:14 ,472.83,141.12,71.29,142.58,117.84,-0.01
20230115105914958, 2023-01-15 10:59:14 ,138.21,39.28,14.55,50.92,33.46,0.03
20230115105915196, 2023-01-15 10:59:15 ,27.64,5.82,2.91,11.64,7.27,0.03
20230115105915474, 2023-01-15 10:59:15 ,7.27,4.36,0.00,1.45,1.45,-0.01
20230115105915741, 2023-01-15 10:59:15 ,10.18,1.45,-2.91,8.73,2.91,0.00
20230115105916006, 2023-01-15 10:59:15 ,11.64,2.91,1.45,8.73,-1.45,-0.02
20230115105916271, 2023-01-15 10:59:16 ,7.27,4.36,-1.45,2.91,1.45,-0.02
20230115105916543, 2023-01-15 10:59:16 ,2.91,1.45,-2.91,0.00,4.36,0.03
20230115105916809, 2023-01-15 10:59:16 ,20.37,-1.45,-1.45,18.91,4.36,0.01
20230115105917080, 2023-01-15 10:59:17 ,45.10,10.18,1.45,20.37,13.09,0.00
20230115105917460, 2023-01-15 10:59:17 ,74.20,21.82,7.27,21.82,23.28,-0.02
20230115105917732, 2023-01-15 10:59:17 ,174.58,53.83,24.73,52.38,43.65,0.03
20230115105917955, 2023-01-15 10:59:17 ,295.34,91.66,40.74,87.29,75.65,0.00
20230115105918182, 2023-01-15 10:59:18 ,443.73,129.48,65.47,129.48,119.30,0.02
20230115105918409, 2023-01-15 10:59:18 ,640.14,183.31,101.84,187.68,167.31,0.01
20230115105918631, 2023-01-15 10:59:18 ,794.36,224.05,128.03,237.14,205.14,0.00
20230115105918858, 2023-01-15 10:59:18 ,811.81,232.78,132.39,241.51,205.14,-0.03
20230115105919081, 2023-01-15 10:59:19 ,813.27,231.32,129.48,244.42,208.05,0.01
20230115105919309, 2023-01-15 10:59:19 ,810.36,232.78,129.48,244.42,203.68,0.01
20230115105919536, 2023-01-15 10:59:19 ,811.81,231.32,130.94,245.87,203.68,0.01
20230115105919762, 2023-01-15 10:59:19 ,789.99,232.78,125.12,229.87,202.23,0.00
20230115105919983, 2023-01-15 10:59:19 ,807.45,232.78,130.94,241.51,202.23,0.01
20230115105920211, 2023-01-15 10:59:20 ,797.27,231.32,123.66,241.51,200.77,0.03
20230115105920551, 2023-01-15 10:59:20 ,804.54,229.87,130.94,244.42,199.32,0.01
20230115105920777, 2023-01-15 10:59:20 ,285.15,77.11,34.92,106.21,66.92,0.01
20230115105920999, 2023-01-15 10:59:20 ,50.92,8.73,4.36,29.10,8.73,-0.02
20230115105921267, 2023-01-15 10:59:21 ,7.27,2.91,-1.45,1.45,4.36,0.02
20230115105921535, 2023-01-15 10:59:21 ,1.45,1.45,-4.36,0.00,4.36,0.03
20230115105921808, 2023-01-15 10:59:21 ,10.18,2.91,2.91,2.91,1.45,0.02
20230115105922071, 2023-01-15 10:59:22 ,16.00,4.36,2.91,7.27,1.45,0.02
20230115105922340, 2023-01-15 10:59:22 ,4.36,2.91,0.00,0.00,1.45,-0.01
20230115105922697, 2023-01-15 10:59:22 ,20.37,2.91,2.91,8.73,5.82,-0.01
20230115105923140, 2023-01-15 10:59:23 ,53.83,8.73,7.27,24.73,13.09,-0.01
20230115105923679, 2023-01-15 10:59:23 ,110.57,26.19,16.00,40.74,27.64,0.01
20230115105924022, 2023-01-15 10:59:23 ,171.67,46.56,27.64,50.92,46.56,0.04
20230115105924352, 2023-01-15 10:59:24 ,237.14,77.11,27.64,66.92,65.47,0.00
20230115105924675, 2023-01-15 10:59:24 ,392.81,113.48,56.74,123.66,98.93,0.01
20230115105924995, 2023-01-15 10:59:24 ,517.93,146.94,80.02,158.58,132.39,-0.03
20230115105925317, 2023-01-15 10:59:25 ,643.05,181.86,101.84,192.04,167.31,0.01
20230115105925641, 2023-01-15 10:59:25 ,743.44,216.77,125.12,210.96,190.59,0.02
20230115105925980, 2023-01-15 10:59:25 ,757.98,218.23,123.66,225.50,190.59,0.01
20230115105926403, 2023-01-15 10:59:26 ,763.80,219.68,119.30,232.78,192.04,0.00
20230115105926668, 2023-01-15 10:59:26 ,760.89,216.77,120.75,234.23,189.13,0.01
20230115105926897, 2023-01-15 10:59:26 ,743.44,216.77,117.84,216.77,192.04,0.02
20230115105927127, 2023-01-15 10:59:27 ,759.44,224.05,120.75,224.05,190.59,0.01
20230115105927356, 2023-01-15 10:59:27 ,523.75,158.58,78.56,155.67,130.94,-0.01
20230115105927578, 2023-01-15 10:59:27 ,87.29,21.82,14.55,32.01,18.91,0.01
20230115105927803, 2023-01-15 10:59:27 ,24.73,2.91,0.00,20.37,1.45,0.00
20230115105928205, 2023-01-15 10:59:28 ,11.64,-1.45,-4.36,13.09,4.36,-0.01
20230115105928473, 2023-01-15 10:59:28 ,-5.82,-2.91,-2.91,0.00,0.00,-0.01
20230115105928739, 2023-01-15 10:59:28 ,27.64,1.45,4.36,18.91,2.91,0.01
20230115105929012, 2023-01-15 10:59:28 ,11.64,1.45,-1.45,10.18,1.45,0.01
20230115105929293, 2023-01-15 10:59:29 ,0.00,4.36,-4.36,0.00,0.00,0.03
20230115105929665, 2023-01-15 10:59:29 ,18.91,0.00,-4.36,17.46,5.82,0.00
20230115105929932, 2023-01-15 10:59:29 ,53.83,14.55,4.36,18.91,16.00,0.00
20230115105930200, 2023-01-15 10:59:30 ,113.48,33.46,14.55,34.92,30.55,0.01
20230115105930430, 2023-01-15 10:59:30 ,199.32,64.01,23.28,56.74,55.28,-0.01
20230115105930655, 2023-01-15 10:59:30 ,338.98,98.93,50.92,103.30,85.84,0.01
20230115105930879, 2023-01-15 10:59:30 ,467.01,138.21,62.56,141.12,125.12,-0.01
20230115105931101, 2023-01-15 10:59:31 ,659.05,183.31,106.21,193.50,176.04,0.00
20230115105931333, 2023-01-15 10:59:31 ,701.25,194.95,112.02,212.41,181.86,-0.01
20230115105931558, 2023-01-15 10:59:31 ,709.97,200.77,113.48,213.87,181.86,-0.01
20230115105931780, 2023-01-15 10:59:31 ,696.88,202.23,110.57,203.68,180.40,0.03
20230115105932001, 2023-01-15 10:59:31 ,698.34,202.23,113.48,205.14,177.49,0.00
20230115105932226, 2023-01-15 10:59:32 ,689.61,197.86,112.02,203.68,176.04,-0.01
20230115105932564, 2023-01-15 10:59:32 ,692.52,197.86,110.57,208.05,176.04,-0.02
20230115105932788, 2023-01-15 10:59:32 ,702.70,200.77,110.57,215.32,176.04,-0.01
20230115105933010, 2023-01-15 10:59:32 ,688.15,199.32,106.21,205.14,177.49,0.00
20230115105933376, 2023-01-15 10:59:33 ,688.15,196.41,110.57,205.14,176.04,0.01
20230115105933605, 2023-01-15 10:59:33 ,682.33,196.41,110.57,200.77,174.58,0.01
20230115105933833, 2023-01-15 10:59:33 ,680.88,199.32,109.11,194.95,177.49,0.00
20230115105934062, 2023-01-15 10:59:34 ,685.24,200.77,106.21,199.32,178.95,0.00
20230115105934301, 2023-01-15 10:59:34 ,689.61,196.41,107.66,209.50,176.04,-0.01
20230115105934536, 2023-01-15 10:59:34 ,677.97,196.41,110.57,194.95,176.04,-0.01
20230115105934769, 2023-01-15 10:59:34 ,651.78,189.13,106.21,196.41,160.04,0.01
20230115105935004, 2023-01-15 10:59:34 ,122.21,30.55,16.00,43.65,32.01,-0.01
20230115105935293, 2023-01-15 10:59:35 ,29.10,1.45,1.45,23.28,2.91,-0.01
20230115105935645, 2023-01-15 10:59:35 ,16.00,2.91,-4.36,14.55,2.91,-0.01
20230115105935928, 2023-01-15 10:59:35 ,16.00,4.36,-4.36,16.00,0.00,0.01
20230115105936194, 2023-01-15 10:59:36 ,-5.82,-2.91,-4.36,0.00,1.45,0.01
20230115105936466, 2023-01-15 10:59:36 ,20.37,5.82,2.91,7.27,4.36,0.01
20230115105936823, 2023-01-15 10:59:36 ,59.65,17.46,5.82,21.82,14.55,-0.01
20230115105937204, 2023-01-15 10:59:37 ,123.66,33.46,10.18,50.92,29.10,-0.01
20230115105937551, 2023-01-15 10:59:37 ,213.87,61.10,26.19,75.65,50.92,0.03
20230115105937874, 2023-01-15 10:59:37 ,298.25,93.11,43.65,87.29,74.20,-0.02
20230115105938212, 2023-01-15 10:59:38 ,398.63,119.30,59.65,126.57,93.11,-0.02
20230115105938668, 2023-01-15 10:59:38 ,484.47,146.94,66.92,151.31,119.30,0.01
20230115105939012, 2023-01-15 10:59:38 ,500.47,145.49,72.74,160.04,122.21,-0.02
20230115105939330, 2023-01-15 10:59:39 ,491.74,148.40,72.74,145.49,125.12,-0.04
20230115105939647, 2023-01-15 10:59:39 ,490.29,145.49,74.20,151.31,119.30,0.00
20230115105939996, 2023-01-15 10:59:39 ,484.47,149.85,65.47,149.85,119.30,-0.02
20230115105940227, 2023-01-15 10:59:40 ,497.56,144.03,72.74,157.13,123.66,-0.02
20230115105940455, 2023-01-15 10:59:40 ,539.76,157.13,78.56,171.67,132.39,0.01
20230115105940686, 2023-01-15 10:59:40 ,532.48,154.22,81.47,162.94,133.85,-0.01
20230115105940910, 2023-01-15 10:59:40 ,542.66,160.04,75.65,174.58,132.39,-0.01
20230115105941140, 2023-01-15 10:59:41 ,522.30,155.67,74.20,160.04,132.39,-0.01
20230115105941471, 2023-01-15 10:59:41 ,523.75,160.04,82.93,152.76,128.03,-0.01
20230115105941706, 2023-01-15 10:59:41 ,525.21,155.67,75.65,165.85,128.03,-0.01
20230115105941931, 2023-01-15 10:59:41 ,145.49,36.37,18.91,62.56,27.64,0.03
20230115105942157, 2023-01-15 10:59:42 ,2.91,4.36,-2.91,0.00,1.45,0.00
20230115105942429, 2023-01-15 10:59:42 ,11.64,-1.45,-2.91,16.00,0.00,0.00
20230115105942692, 2023-01-15 10:59:42 ,17.46,2.91,0.00,11.64,2.91,-0.01
20230115105942959, 2023-01-15 10:59:42 ,18.91,0.00,0.00,17.46,1.45,0.00
20230115105943223, 2023-01-15 10:59:43 ,1.45,-1.45,0.00,2.91,0.00,0.01
20230115105943493, 2023-01-15 10:59:43 ,17.46,4.36,-1.45,11.64,2.91,0.00
20230115105943908, 2023-01-15 10:59:43 ,11.64,-1.45,1.45,10.18,1.45,0.00
20230115105944179, 2023-01-15 10:59:44 ,14.55,-1.45,-2.91,16.00,2.91,0.03
20230115105944564, 2023-01-15 10:59:44 ,33.46,4.36,1.45,20.37,7.27,-0.01
20230115105944832, 2023-01-15 10:59:44 ,21.82,7.27,1.45,1.45,11.64,-0.01
20230115105945100, 2023-01-15 10:59:45 ,30.55,5.82,2.91,10.18,11.64,-0.01
20230115105945377, 2023-01-15 10:59:45 ,34.92,7.27,1.45,20.37,5.82,0.00
20230115105945643, 2023-01-15 10:59:45 ,34.92,5.82,-1.45,20.37,10.18,-0.02
20230115105945912, 2023-01-15 10:59:45 ,30.55,7.27,1.45,11.64,10.18,0.02
20230115105946178, 2023-01-15 10:59:46 ,33.46,7.27,2.91,16.00,7.27,-0.01
20230115105946449, 2023-01-15 10:59:46 ,24.73,8.73,0.00,7.27,8.73,0.03
20230115105946718, 2023-01-15 10:59:46 ,26.19,2.91,-2.91,16.00,10.18,0.00
20230115105946983, 2023-01-15 10:59:46 ,23.28,4.36,0.00,11.64,7.27,0.04
20230115105947322, 2023-01-15 10:59:47 ,32.01,5.82,4.36,13.09,8.73,0.02
20230115105947630, 2023-01-15 10:59:47 ,23.28,8.73,2.91,4.36,7.27,-0.02
20230115105947896, 2023-01-15 10:59:47 ,17.46,2.91,5.82,0.00,8.73,0.00
20230115105948169, 2023-01-15 10:59:48 ,30.55,5.82,0.00,16.00,8.73,-0.01
20230115105948445, 2023-01-15 10:59:48 ,20.37,2.91,0.00,11.64,5.82,0.00
20230115105948709, 2023-01-15 10:59:48 ,14.55,5.82,1.45,1.45,5.82,0.01
20230115105949119, 2023-01-15 10:59:49 ,39.28,10.18,0.00,23.28,5.82,0.01
20230115105949393, 2023-01-15 10:59:49 ,18.91,4.36,1.45,5.82,7.27,0.00
20230115105949661, 2023-01-15 10:59:49 ,33.46,2.91,4.36,14.55,11.64,0.01
20230115105949930, 2023-01-15 10:59:49 ,21.82,4.36,1.45,10.18,5.82,0.00
20230115105950339, 2023-01-15 10:59:50 ,34.92,4.36,4.36,17.46,8.73,0.01
20230115105950823, 2023-01-15 10:59:50 ,30.55,7.27,2.91,11.64,8.73,0.00
20230115105951199, 2023-01-15 10:59:51 ,39.28,10.18,1.45,21.82,5.82,0.01
20230115105951579, 2023-01-15 10:59:51 ,17.46,7.27,-1.45,4.36,7.27,-0.01
20230115105951971, 2023-01-15 10:59:51 ,40.74,7.27,4.36,23.28,5.82,-0.01
20230115105952368, 2023-01-15 10:59:52 ,13.09,2.91,-1.45,1.45,10.18,-0.03
20230115105952739, 2023-01-15 10:59:52 ,21.82,2.91,4.36,5.82,8.73,0.01
20230115105953126, 2023-01-15 10:59:53 ,33.46,4.36,0.00,18.91,10.18,0.01
20230115105953551, 2023-01-15 10:59:53 ,18.91,8.73,-4.36,8.73,5.82,0.01
20230115105953815, 2023-01-15 10:59:53 ,33.46,7.27,-1.45,21.82,5.82,-0.01
20230115105954220, 2023-01-15 10:59:54 ,36.37,7.27,1.45,17.46,10.18,-0.01
20230115105954492, 2023-01-15 10:59:54 ,24.73,5.82,-2.91,16.00,5.82,0.00
20230115105954756, 2023-01-15 10:59:54 ,8.73,4.36,-4.36,1.45,7.27,-0.02
20230115105955022, 2023-01-15 10:59:55 ,18.91,10.18,-2.91,2.91,8.73,-0.01
20230115105955290, 2023-01-15 10:59:55 ,39.28,7.27,4.36,17.46,10.18,0.01
20230115105955561, 2023-01-15 10:59:55 ,39.28,7.27,4.36,23.28,4.36,-0.01
20230115105955824, 2023-01-15 10:59:55 ,23.28,5.82,-2.91,8.73,11.64,-0.01
20230115105956093, 2023-01-15 10:59:56 ,32.01,5.82,-4.36,21.82,8.73,-0.01
20230115105956476, 2023-01-15 10:59:56 ,18.91,5.82,-1.45,7.27,7.27,0.02
20230115105956742, 2023-01-15 10:59:56 ,33.46,8.73,-1.45,16.00,10.18,0.01
20230115105957006, 2023-01-15 10:59:56 ,42.19,4.36,2.91,24.73,10.18,-0.02
20230115105957276, 2023-01-15 10:59:57 ,30.55,11.64,0.00,13.09,5.82,0.01
20230115111221021, 2023-01-15 11:12:21 ,136.76,42.19,23.28,36.37,34.92,-0.01
20230115111221243, 2023-01-15 11:12:21 ,244.42,65.47,39.28,74.20,65.47,-0.01
20230115111221476, 2023-01-15 11:12:21 ,343.35,104.75,58.19,87.29,93.11,-0.01
20230115111221704, 2023-01-15 11:12:21 ,455.37,135.30,80.02,114.93,125.12,-0.05
20230115111221927, 2023-01-15 11:12:21 ,568.85,173.13,94.57,152.76,148.40,0.01
20230115111222155, 2023-01-15 11:12:22 ,638.69,189.13,106.21,174.58,168.76,0.01
20230115111222377, 2023-01-15 11:12:22 ,653.23,193.50,104.75,186.22,168.76,0.05
20230115111222603, 2023-01-15 11:12:22 ,640.14,196.41,109.11,170.22,164.40,0.02
20230115111222829, 2023-01-15 11:12:22 ,629.96,192.04,97.48,178.95,161.49,-0.03
20230115111223054, 2023-01-15 11:12:23 ,647.42,189.13,103.30,194.95,160.04,-0.01
20230115111223297, 2023-01-15 11:12:23 ,628.50,187.68,106.21,168.76,165.85,0.00
20230115111223721, 2023-01-15 11:12:23 ,616.86,186.22,96.02,171.67,162.94,-0.04
20230115111224090, 2023-01-15 11:12:24 ,627.05,194.95,97.48,173.13,161.49,0.01
20230115111224423, 2023-01-15 11:12:24 ,187.68,53.83,27.64,58.19,48.01,0.00
20230115111224775, 2023-01-15 11:12:24 ,16.00,1.45,8.73,1.45,4.36,0.01
20230115111225151, 2023-01-15 11:12:25 ,-8.73,-2.91,4.36,-5.82,-4.36,0.00
20230115111225541, 2023-01-15 11:12:25 ,-13.09,-4.36,4.36,-10.18,-2.91,0.02
20230115111225918, 2023-01-15 11:12:25 ,-1.45,0.00,2.91,-2.91,-1.45,0.02
20230115111226455, 2023-01-15 11:12:26 ,42.19,13.09,5.82,8.73,14.55,-0.03
20230115111226872, 2023-01-15 11:12:26 ,130.94,40.74,20.37,32.01,37.83,0.01
20230115111227100, 2023-01-15 11:12:27 ,240.05,74.20,34.92,65.47,65.47,-0.01
20230115111227328, 2023-01-15 11:12:27 ,439.37,135.30,72.74,113.48,117.84,-0.03
20230115111227553, 2023-01-15 11:12:27 ,596.49,176.04,97.48,165.85,157.13,-0.02
20230115111227780, 2023-01-15 11:12:27 ,715.79,203.68,123.66,203.68,184.77,0.03
20230115111228006, 2023-01-15 11:12:27 ,779.81,228.41,135.30,216.77,199.32,0.01
20230115111228231, 2023-01-15 11:12:28 ,782.72,225.50,132.39,226.96,197.86,-0.01
20230115111228455, 2023-01-15 11:12:28 ,768.17,219.68,130.94,219.68,197.86,-0.01
20230115111228690, 2023-01-15 11:12:28 ,778.35,228.41,136.76,216.77,196.41,-0.03
20230115111228916, 2023-01-15 11:12:28 ,760.89,216.77,129.48,221.14,193.50,0.02
20230115111229141, 2023-01-15 11:12:29 ,755.08,219.68,129.48,215.32,190.59,-0.03
20230115111229375, 2023-01-15 11:12:29 ,717.25,218.23,119.30,200.77,178.95,0.01
20230115111229636, 2023-01-15 11:12:29 ,190.59,50.92,32.01,61.10,46.56,0.00
20230115111229944, 2023-01-15 11:12:29 ,1.45,1.45,8.73,-8.73,0.00,0.01
20230115111230211, 2023-01-15 11:12:30 ,0.00,1.45,2.91,-4.36,0.00,0.02
20230115111230474, 2023-01-15 11:12:30 ,-17.46,0.00,2.91,-16.00,-4.36,0.02
20230115111230747, 2023-01-15 11:12:30 ,-26.19,-2.91,-1.45,-16.00,-5.82,-0.01
20230115111231017, 2023-01-15 11:12:30 ,-21.82,-2.91,1.45,-16.00,-4.36,-0.01
20230115111231410, 2023-01-15 11:12:31 ,26.19,5.82,2.91,8.73,8.73,0.01
20230115111231683, 2023-01-15 11:12:31 ,104.75,24.73,17.46,33.46,29.10,-0.02
20230115111231912, 2023-01-15 11:12:31 ,192.04,55.28,34.92,49.47,52.38,0.03
20230115111232135, 2023-01-15 11:12:32 ,372.45,110.57,58.19,112.02,91.66,0.01
20230115111232360, 2023-01-15 11:12:32 ,541.21,158.58,85.84,154.22,142.58,0.01
20230115111232640, 2023-01-15 11:12:32 ,686.70,196.41,114.93,192.04,183.31,-0.01
20230115111232930, 2023-01-15 11:12:32 ,755.08,206.59,128.03,229.87,190.59,0.04
20230115111233161, 2023-01-15 11:12:33 ,724.52,206.59,123.66,203.68,190.59,-0.01
20230115111233387, 2023-01-15 11:12:33 ,747.80,206.59,126.57,222.59,192.04,0.03
20230115111233617, 2023-01-15 11:12:33 ,737.62,206.59,128.03,210.96,192.04,0.01
20230115111233845, 2023-01-15 11:12:33 ,727.43,206.59,120.75,209.50,190.59,-0.01
20230115111234071, 2023-01-15 11:12:34 ,730.34,208.05,125.12,210.96,186.22,0.01
20230115111234297, 2023-01-15 11:12:34 ,632.87,183.31,100.39,192.04,157.13,0.03
20230115111234519, 2023-01-15 11:12:34 ,128.03,32.01,21.82,40.74,33.46,0.01
20230115111234754, 2023-01-15 11:12:34 ,11.64,5.82,8.73,-7.27,4.36,0.01
20230115111235025, 2023-01-15 11:12:35 ,-18.91,-4.36,5.82,-16.00,-4.36,0.00
20230115111235289, 2023-01-15 11:12:35 ,-17.46,-7.27,-1.45,-7.27,-1.45,0.01
20230115111235559, 2023-01-15 11:12:35 ,-10.18,-4.36,0.00,-2.91,-2.91,0.00
20230115111235938, 2023-01-15 11:12:35 ,1.45,-1.45,2.91,-2.91,2.91,0.02
20230115111236206, 2023-01-15 11:12:36 ,93.11,29.10,17.46,23.28,23.28,0.01
20230115111236570, 2023-01-15 11:12:36 ,186.22,61.10,36.37,40.74,48.01,-0.03
20230115111236854, 2023-01-15 11:12:36 ,350.62,98.93,58.19,103.30,90.20,-0.01
20230115111237169, 2023-01-15 11:12:37 ,504.84,155.67,82.93,133.85,132.39,0.03
20230115111237486, 2023-01-15 11:12:37 ,696.88,196.41,123.66,192.04,184.77,0.01
20230115111237829, 2023-01-15 11:12:37 ,865.64,241.51,151.31,245.87,226.96,0.02
20230115111238148, 2023-01-15 11:12:38 ,912.20,256.06,158.58,264.79,232.78,-0.01
20230115111238479, 2023-01-15 11:12:38 ,923.84,256.06,162.94,269.15,235.69,-0.01
20230115111238953, 2023-01-15 11:12:38 ,904.93,253.15,158.58,263.33,229.87,0.01
20230115111239277, 2023-01-15 11:12:39 ,912.20,253.15,161.49,267.70,229.87,-0.01
20230115111239595, 2023-01-15 11:12:39 ,919.47,248.78,164.40,276.42,229.87,0.01
20230115111239926, 2023-01-15 11:12:39 ,897.65,248.78,160.04,260.42,228.41,-0.01
20230115111240173, 2023-01-15 11:12:40 ,888.92,247.33,157.13,256.06,228.41,-0.02
20230115111240396, 2023-01-15 11:12:40 ,354.99,100.39,53.83,119.30,81.47,0.01
20230115111240619, 2023-01-15 11:12:40 ,46.56,11.64,10.18,14.55,10.18,0.01
20230115111240886, 2023-01-15 11:12:40 ,-2.91,-4.36,2.91,-1.45,0.00,0.02
20230115111241158, 2023-01-15 11:12:41 ,-11.64,0.00,7.27,-14.55,-4.36,-0.01
20230115111241434, 2023-01-15 11:12:41 ,-2.91,1.45,4.36,-5.82,-2.91,0.00
20230115111241823, 2023-01-15 11:12:41 ,-21.82,-2.91,1.45,-16.00,-4.36,-0.01
20230115111242102, 2023-01-15 11:12:42 ,-8.73,0.00,2.91,-16.00,4.36,0.02
20230115111242393, 2023-01-15 11:12:42 ,53.83,18.91,13.09,5.82,16.00,0.01
20230115111242680, 2023-01-15 11:12:42 ,136.76,39.28,20.37,45.10,32.01,-0.01
20230115111242910, 2023-01-15 11:12:42 ,224.05,65.47,36.37,61.10,61.10,-0.04
20230115111243150, 2023-01-15 11:12:43 ,369.54,106.21,64.01,98.93,100.39,0.01
20230115111243384, 2023-01-15 11:12:43 ,513.57,149.85,84.38,144.03,135.30,0.05
20230115111243614, 2023-01-15 11:12:43 ,593.59,170.22,100.39,161.49,161.49,0.00
20230115111243847, 2023-01-15 11:12:43 ,677.97,194.95,103.30,202.23,177.49,0.01
20230115111244078, 2023-01-15 11:12:44 ,692.52,196.41,112.02,208.05,176.04,-0.02
20230115111244312, 2023-01-15 11:12:44 ,667.78,194.95,109.11,187.68,176.04,-0.03
20230115111244566, 2023-01-15 11:12:44 ,689.61,199.32,113.48,202.23,174.58,-0.02
20230115111244890, 2023-01-15 11:12:44 ,688.15,199.32,110.57,202.23,176.04,-0.04
20230115111245116, 2023-01-15 11:12:45 ,667.78,193.50,109.11,186.22,178.95,0.04
20230115111245340, 2023-01-15 11:12:45 ,606.68,183.31,96.02,171.67,155.67,-0.02
20230115111245573, 2023-01-15 11:12:45 ,120.75,34.92,20.37,40.74,24.73,-0.01
20230115111245797, 2023-01-15 11:12:45 ,11.64,-2.91,5.82,7.27,1.45,-0.01
20230115111246067, 2023-01-15 11:12:46 ,-20.37,-5.82,1.45,-14.55,-1.45,0.01
20230115111246334, 2023-01-15 11:12:46 ,-13.09,-4.36,2.91,-5.82,-5.82,0.01
20230115111246605, 2023-01-15 11:12:46 ,-13.09,-4.36,2.91,-7.27,-4.36,0.03
20230115111246870, 2023-01-15 11:12:46 ,11.64,4.36,4.36,0.00,2.91,0.02
20230115111247406, 2023-01-15 11:12:47 ,55.28,14.55,16.00,2.91,21.82,-0.01
20230115111247741, 2023-01-15 11:12:47 ,167.31,52.38,23.28,50.92,40.74,0.01
20230115111248011, 2023-01-15 11:12:47 ,299.70,88.75,46.56,88.75,75.65,-0.03
20230115111248236, 2023-01-15 11:12:48 ,427.73,128.03,62.56,122.21,114.93,-0.02
20230115111248474, 2023-01-15 11:12:48 ,531.03,155.67,81.47,149.85,144.03,0.01
20230115111248703, 2023-01-15 11:12:48 ,666.33,183.31,107.66,200.77,174.58,-0.05
20230115111248937, 2023-01-15 11:12:48 ,672.15,183.31,112.02,200.77,176.04,0.01
20230115111249165, 2023-01-15 11:12:49 ,672.15,192.04,116.39,189.13,174.58,0.00
20230115111249389, 2023-01-15 11:12:49 ,680.88,189.13,113.48,203.68,174.58,0.00
20230115111249613, 2023-01-15 11:12:49 ,673.60,183.31,110.57,205.14,174.58,0.03
20230115111249839, 2023-01-15 11:12:49 ,672.15,192.04,106.21,199.32,174.58,-0.01
20230115111250063, 2023-01-15 11:12:50 ,644.51,183.31,106.21,178.95,176.04,0.00
20230115111250360, 2023-01-15 11:12:50 ,661.96,187.68,116.39,186.22,171.67,-0.02
20230115111250788, 2023-01-15 11:12:50 ,664.87,186.22,104.75,202.23,171.67,0.01
20230115111251149, 2023-01-15 11:12:51 ,149.85,45.10,26.19,40.74,37.83,-0.02
20230115111251469, 2023-01-15 11:12:51 ,8.73,0.00,4.36,1.45,2.91,0.00
20230115111251860, 2023-01-15 11:12:51 ,-18.91,2.91,0.00,-16.00,-5.82,0.01
20230115111252395, 2023-01-15 11:12:52 ,-16.00,-5.82,5.82,-14.55,-1.45,0.02
20230115111252779, 2023-01-15 11:12:52 ,-13.09,-2.91,1.45,-11.64,0.00,-0.01
20230115111253170, 2023-01-15 11:12:53 ,-11.64,0.00,4.36,-10.18,-5.82,0.03
20230115111253510, 2023-01-15 11:12:53 ,-10.18,4.36,1.45,-16.00,0.00,-0.03
20230115111253893, 2023-01-15 11:12:53 ,50.92,17.46,11.64,7.27,14.55,-0.04
20230115111254159, 2023-01-15 11:12:54 ,144.03,43.65,20.37,39.28,40.74,-0.03
20230115111254391, 2023-01-15 11:12:54 ,283.70,84.38,40.74,84.38,74.20,0.00
20230115111254623, 2023-01-15 11:12:54 ,334.62,97.48,50.92,97.48,88.75,0.01
20230115111254845, 2023-01-15 11:12:54 ,397.18,119.30,68.38,104.75,104.75,-0.05
20230115111255073, 2023-01-15 11:12:55 ,477.20,139.67,75.65,135.30,126.57,0.01
20230115111255298, 2023-01-15 11:12:55 ,494.65,151.31,78.56,130.94,133.85,0.02
20230115111255529, 2023-01-15 11:12:55 ,574.67,168.76,91.66,162.94,151.31,-0.02
20230115111255755, 2023-01-15 11:12:55 ,592.13,170.22,97.48,168.76,155.67,-0.03
20230115111255978, 2023-01-15 11:12:55 ,574.67,173.13,93.11,157.13,151.31,0.03
20230115111256203, 2023-01-15 11:12:56 ,587.77,162.94,97.48,171.67,155.67,-0.01
20230115111256429, 2023-01-15 11:12:56 ,576.13,171.67,94.57,158.58,151.31,0.01
20230115111256706, 2023-01-15 11:12:56 ,586.31,168.76,93.11,174.58,149.85,0.03
20230115111256994, 2023-01-15 11:12:56 ,580.49,167.31,91.66,170.22,151.31,0.04
20230115111257383, 2023-01-15 11:12:57 ,584.86,165.85,90.20,177.49,151.31,-0.01
20230115111257614, 2023-01-15 11:12:57 ,568.85,170.22,91.66,155.67,151.31,-0.03
20230115111257839, 2023-01-15 11:12:57 ,590.68,173.13,96.02,168.76,152.76,0.00
20230115111258066, 2023-01-15 11:12:58 ,333.16,98.93,52.38,97.48,84.38,0.03
20230115111258288, 2023-01-15 11:12:58 ,32.01,11.64,10.18,2.91,7.27,-0.03
20230115111258560, 2023-01-15 11:12:58 ,-13.09,1.45,1.45,-11.64,-4.36,-0.01
20230115111258827, 2023-01-15 11:12:58 ,-16.00,-7.27,1.45,-8.73,-1.45,0.01
20230115111259097, 2023-01-15 11:12:59 ,-13.09,-1.45,-2.91,-5.82,-2.91,-0.01
20230115111259362, 2023-01-15 11:12:59 ,-23.28,-5.82,2.91,-16.00,-4.36,0.03
20230115111259695, 2023-01-15 11:12:59 ,-23.28,0.00,0.00,-16.00,-7.27,-0.01
20230115111300017, 2023-01-15 11:13:00 ,-21.82,-2.91,0.00,-16.00,-2.91,-0.01
20230115111300285, 2023-01-15 11:13:00 ,-18.91,1.45,-2.91,-14.55,-2.91,-0.02
20230115111300550, 2023-01-15 11:13:00 ,-10.18,-5.82,4.36,-7.27,-1.45,0.03
20230115111300819, 2023-01-15 11:13:00 ,-10.18,-5.82,5.82,-5.82,-4.36,-0.02
20230115111301084, 2023-01-15 11:13:01 ,-11.64,-2.91,0.00,-2.91,-5.82,0.02
20230115111301362, 2023-01-15 11:13:01 ,-17.46,-2.91,2.91,-10.18,-7.27,-0.01
20230115111301635, 2023-01-15 11:13:01 ,-7.27,2.91,0.00,-7.27,-2.91,0.01
20230115111301901, 2023-01-15 11:13:01 ,-11.64,-5.82,0.00,-4.36,-1.45,0.01
20230115111302167, 2023-01-15 11:13:02 ,-24.73,-4.36,2.91,-16.00,-7.27,0.01
20230115111302566, 2023-01-15 11:13:02 ,-18.91,-1.45,1.45,-16.00,-2.91,0.01
20230115111302946, 2023-01-15 11:13:02 ,-14.55,-5.82,0.00,-1.45,-7.27,-0.03
20230115111303211, 2023-01-15 11:13:03 ,-10.18,-2.91,-2.91,-1.45,-2.91,-0.01
20230115111303478, 2023-01-15 11:13:03 ,-17.46,-5.82,-1.45,-2.91,-7.27,-0.01
20230115111303825, 2023-01-15 11:13:03 ,-26.19,-5.82,0.00,-14.55,-5.82,0.01
20230115111304213, 2023-01-15 11:13:04 ,-23.28,2.91,-2.91,-16.00,-7.27,0.02
20230115111304588, 2023-01-15 11:13:04 ,-17.46,-2.91,2.91,-16.00,-1.45,-0.01
20230115111304983, 2023-01-15 11:13:04 ,-23.28,-4.36,1.45,-16.00,-4.36,0.02
20230115111305359, 2023-01-15 11:13:05 ,-30.55,-7.27,-2.91,-16.00,-4.36,0.03
20230115111305861, 2023-01-15 11:13:05 ,-20.37,-4.36,0.00,-8.73,-7.27,0.01
20230115111306272, 2023-01-15 11:13:06 ,-5.82,-2.91,1.45,-1.45,-2.91,0.00
20230115111306664, 2023-01-15 11:13:06 ,-26.19,0.00,-2.91,-16.00,-7.27,-0.01
20230115111306996, 2023-01-15 11:13:06 ,-21.82,0.00,0.00,-16.00,-5.82,0.02
20230115111307269, 2023-01-15 11:13:07 ,-16.00,1.45,0.00,-16.00,-1.45,0.01
20230115111307694, 2023-01-15 11:13:07 ,-11.64,-7.27,-1.45,0.00,-2.91,0.01
20230115111307966, 2023-01-15 11:13:07 ,-14.55,-7.27,0.00,-1.45,-5.82,0.00
20230115111308232, 2023-01-15 11:13:08 ,-26.19,-5.82,-2.91,-11.64,-5.82,0.01
20230115111308499, 2023-01-15 11:13:08 ,-27.64,-5.82,-1.45,-16.00,-4.36,-0.01
20230115111308880, 2023-01-15 11:13:08 ,-26.19,-7.27,1.45,-16.00,-4.36,-0.02
20230115111309144, 2023-01-15 11:13:09 ,-7.27,-4.36,0.00,0.00,-2.91,0.00
20230115111309418, 2023-01-15 11:13:09 ,-16.00,-5.82,-1.45,-1.45,-7.27,-0.01
20230115111309690, 2023-01-15 11:13:09 ,1.45,0.00,1.45,2.91,-2.91,0.01
20230115111309953, 2023-01-15 11:13:09 ,-27.64,-7.27,1.45,-16.00,-5.82,0.00
20230115111310219, 2023-01-15 11:13:10 ,-11.64,-2.91,2.91,-8.73,-2.91,0.00
20230115111310486, 2023-01-15 11:13:10 ,-16.00,-1.45,2.91,-11.64,-5.82,0.01
20230115111310756, 2023-01-15 11:13:10 ,-4.36,0.00,0.00,-2.91,-1.45,0.02
20230115111311024, 2023-01-15 11:13:11 ,-27.64,-1.45,-2.91,-16.00,-7.27,0.00
20230115111311291, 2023-01-15 11:13:11 ,-7.27,-1.45,2.91,-1.45,-7.27,0.01
20230115111311559, 2023-01-15 11:13:11 ,-5.82,-1.45,0.00,0.00,-4.36,-0.01
20230115111311937, 2023-01-15 11:13:11 ,-10.18,-2.91,0.00,-7.27,0.00,-0.01
20230115111312209, 2023-01-15 11:13:12 ,-14.55,-2.91,2.91,-7.27,-7.27,0.02
20230115111312476, 2023-01-15 11:13:12 ,-24.73,-5.82,-1.45,-16.00,-1.45,-0.01
20230115111312910, 2023-01-15 11:13:12 ,-20.37,-1.45,0.00,-16.00,-2.91,0.00
20230115111313176, 2023-01-15 11:13:13 ,-24.73,-1.45,-2.91,-16.00,-4.36,0.01
20230115111313442, 2023-01-15 11:13:13 ,-20.37,-7.27,1.45,-10.18,-4.36,0.01
20230115114544575, 2023-01-15 11:45:44 ,125.12,30.55,18.91,32.01,43.65,0.01
20230115114544822, 2023-01-15 11:45:44 ,234.23,65.47,33.46,64.01,71.29,-0.02
20230115114545050, 2023-01-15 11:45:45 ,341.89,100.39,52.38,87.29,101.84,-0.01
20230115114545336, 2023-01-15 11:45:45 ,467.01,125.12,75.65,125.12,141.12,0.04
20230115114545641, 2023-01-15 11:45:45 ,612.50,168.76,93.11,170.22,180.40,-0.03
20230115114545866, 2023-01-15 11:45:45 ,622.68,173.13,100.39,167.31,181.86,-0.02
20230115114546099, 2023-01-15 11:45:46 ,654.69,177.49,103.30,178.95,194.95,-0.01
20230115114546325, 2023-01-15 11:45:46 ,714.34,190.59,112.02,203.68,208.05,-0.02
20230115114546703, 2023-01-15 11:45:46 ,725.98,192.04,110.57,215.32,208.05,0.01
20230115114546934, 2023-01-15 11:45:46 ,701.25,192.04,110.57,192.04,206.59,-0.01
20230115114547160, 2023-01-15 11:45:47 ,474.29,133.85,69.83,142.58,128.03,0.03
20230115114547387, 2023-01-15 11:45:47 ,65.47,14.55,13.09,26.19,11.64,-0.03
20230115114547669, 2023-01-15 11:45:47 ,-1.45,-1.45,0.00,5.82,-5.82,0.01
20230115114547939, 2023-01-15 11:45:47 ,-5.82,-7.27,1.45,1.45,-1.45,-0.01
20230115114548212, 2023-01-15 11:45:48 ,-20.37,0.00,0.00,-16.00,-4.36,0.00
20230115114548601, 2023-01-15 11:45:48 ,-10.18,4.36,-1.45,-13.09,0.00,0.01
20230115114548873, 2023-01-15 11:45:48 ,50.92,14.55,5.82,14.55,16.00,-0.03
20230115114549139, 2023-01-15 11:45:49 ,112.02,30.55,13.09,30.55,37.83,0.01
20230115114549367, 2023-01-15 11:45:49 ,222.59,71.29,32.01,52.38,66.92,-0.03
20230115114549598, 2023-01-15 11:45:49 ,340.44,96.02,55.28,88.75,100.39,0.03
20230115114549921, 2023-01-15 11:45:49 ,516.48,145.49,84.38,133.85,152.76,0.03
20230115114550273, 2023-01-15 11:45:50 ,682.33,183.31,112.02,194.95,192.04,-0.01
20230115114550641, 2023-01-15 11:45:50 ,688.15,187.68,112.02,193.50,194.95,-0.02
20230115114550988, 2023-01-15 11:45:50 ,691.06,186.22,110.57,202.23,192.04,0.01
20230115114551350, 2023-01-15 11:45:51 ,692.52,186.22,113.48,203.68,189.13,0.03
20230115114551957, 2023-01-15 11:45:51 ,683.79,190.59,109.11,192.04,192.04,0.03
20230115114552275, 2023-01-15 11:45:52 ,682.33,192.04,109.11,194.95,186.22,0.00
20230115114552635, 2023-01-15 11:45:52 ,680.88,190.59,112.02,192.04,186.22,-0.02
20230115114552985, 2023-01-15 11:45:52 ,321.53,93.11,46.56,91.66,90.20,-0.01
20230115114553217, 2023-01-15 11:45:53 ,16.00,4.36,4.36,4.36,2.91,-0.01
20230115114553489, 2023-01-15 11:45:53 ,-24.73,-2.91,-1.45,-16.00,-4.36,-0.01
20230115114553766, 2023-01-15 11:45:53 ,-20.37,0.00,0.00,-14.55,-5.82,0.03
20230115114554035, 2023-01-15 11:45:54 ,-18.91,1.45,1.45,-16.00,-5.82,-0.01
20230115114554334, 2023-01-15 11:45:54 ,-29.10,-5.82,-1.45,-16.00,-5.82,0.03
20230115114554687, 2023-01-15 11:45:54 ,-4.36,-1.45,2.91,-7.27,1.45,0.02
20230115114554959, 2023-01-15 11:45:54 ,49.47,16.00,4.36,11.64,17.46,-0.02
20230115114555224, 2023-01-15 11:45:55 ,103.30,26.19,20.37,26.19,30.55,0.01
20230115114555461, 2023-01-15 11:45:55 ,202.23,61.10,33.46,48.01,59.65,-0.01
20230115114555688, 2023-01-15 11:45:55 ,349.17,107.66,55.28,87.29,98.93,-0.01
20230115114555924, 2023-01-15 11:45:55 ,485.93,136.76,77.11,132.39,139.67,-0.01
20230115114556152, 2023-01-15 11:45:56 ,629.96,178.95,106.21,170.22,174.58,0.01
20230115114556378, 2023-01-15 11:45:56 ,699.79,200.77,120.75,192.04,186.22,-0.01
20230115114556604, 2023-01-15 11:45:56 ,688.15,196.41,116.39,192.04,183.31,0.00
20230115114556998, 2023-01-15 11:45:56 ,709.97,203.68,114.93,208.05,183.31,-0.03
20230115114557220, 2023-01-15 11:45:57 ,692.52,200.77,116.39,193.50,181.86,0.03
20230115114557563, 2023-01-15 11:45:57 ,677.97,196.41,114.93,184.77,181.86,0.00
20230115114557796, 2023-01-15 11:45:57 ,686.70,200.77,117.84,183.31,184.77,-0.03
20230115114558025, 2023-01-15 11:45:58 ,209.50,61.10,34.92,59.65,53.83,-0.01
20230115114558255, 2023-01-15 11:45:58 ,0.00,2.91,5.82,-11.64,2.91,-0.01
20230115114558527, 2023-01-15 11:45:58 ,-16.00,0.00,0.00,-14.55,-1.45,0.03
20230115114558794, 2023-01-15 11:45:58 ,-8.73,0.00,-1.45,-2.91,-4.36,0.00
20230115114559058, 2023-01-15 11:45:59 ,-17.46,-5.82,4.36,-13.09,-2.91,0.01
20230115114559329, 2023-01-15 11:45:59 ,-26.19,-8.73,-2.91,-10.18,-4.36,0.02
20230115114559597, 2023-01-15 11:45:59 ,-17.46,0.00,1.45,-16.00,-2.91,-0.01
20230115114559873, 2023-01-15 11:45:59 ,-10.18,0.00,-2.91,0.00,-7.27,0.01
20230115114600139, 2023-01-15 11:46:00 ,-23.28,-1.45,-2.91,-16.00,-2.91,0.01
20230115114600530, 2023-01-15 11:46:00 ,-18.91,-7.27,0.00,-8.73,-2.91,-0.01
20230115114600923, 2023-01-15 11:46:00 ,-32.01,-8.73,-2.91,-16.00,-4.36,0.02
20230115114601209, 2023-01-15 11:46:01 ,-27.64,-7.27,0.00,-16.00,-4.36,-0.01
20230115114601496, 2023-01-15 11:46:01 ,-20.37,-2.91,1.45,-13.09,-5.82,-0.01
20230115114601786, 2023-01-15 11:46:01 ,-24.73,-7.27,0.00,-13.09,-4.36,-0.01
20230115114602050, 2023-01-15 11:46:02 ,-17.46,-2.91,1.45,-11.64,-4.36,0.03
20230115114602341, 2023-01-15 11:46:02 ,-24.73,-7.27,1.45,-16.00,-2.91,0.02
20230115114602618, 2023-01-15 11:46:02 ,-24.73,-4.36,-1.45,-16.00,-2.91,-0.01
20230115114602888, 2023-01-15 11:46:02 ,-26.19,-1.45,-2.91,-16.00,-5.82,0.03
20230115114603447, 2023-01-15 11:46:03 ,-23.28,-5.82,1.45,-14.55,-4.36,0.01
20230115114603899, 2023-01-15 11:46:03 ,-26.19,-5.82,1.45,-16.00,-5.82,0.01
20230115114604291, 2023-01-15 11:46:04 ,-18.91,-1.45,0.00,-16.00,-1.45,-0.01
20230115114604687, 2023-01-15 11:46:04 ,-17.46,-4.36,-2.91,-8.73,-1.45,-0.03
20230115114605085, 2023-01-15 11:46:05 ,-23.28,-8.73,2.91,-16.00,-1.45,0.01
20230115114605495, 2023-01-15 11:46:05 ,-10.18,-2.91,0.00,-1.45,-5.82,0.01
20230115114606052, 2023-01-15 11:46:06 ,-24.73,-5.82,0.00,-16.00,-2.91,0.01
20230115114606606, 2023-01-15 11:46:06 ,-21.82,-7.27,-2.91,-5.82,-5.82,0.01
20230115114606881, 2023-01-15 11:46:06 ,-16.00,-7.27,-1.45,-1.45,-5.82,0.01
20230115114607149, 2023-01-15 11:46:07 ,-7.27,-1.45,0.00,-4.36,-1.45,0.01
20230115114607431, 2023-01-15 11:46:07 ,-26.19,-7.27,0.00,-16.00,-2.91,-0.01
20230115114607701, 2023-01-15 11:46:07 ,-7.27,-4.36,2.91,-1.45,-4.36,0.01
20230115114607970, 2023-01-15 11:46:07 ,-7.27,-1.45,2.91,-5.82,-2.91,0.01
20230115114608236, 2023-01-15 11:46:08 ,-32.01,-10.18,-1.45,-16.00,-4.36,0.01
20230115114608511, 2023-01-15 11:46:08 ,-32.01,-7.27,-1.45,-16.00,-7.27,0.00
20230115114608784, 2023-01-15 11:46:08 ,-17.46,-5.82,1.45,-11.64,-1.45,0.01
20230115114609063, 2023-01-15 11:46:09 ,-27.64,-8.73,2.91,-16.00,-5.82,-0.01
20230115114609440, 2023-01-15 11:46:09 ,-11.64,-7.27,2.91,-4.36,-2.91,0.01
20230115114609723, 2023-01-15 11:46:09 ,-13.09,-5.82,1.45,-7.27,-1.45,-0.01
20230115114609992, 2023-01-15 11:46:09 ,-27.64,-5.82,1.45,-16.00,-7.27,-0.01
20230115114610276, 2023-01-15 11:46:10 ,-30.55,-5.82,-2.91,-14.55,-7.27,0.00
20230115114610540, 2023-01-15 11:46:10 ,-23.28,-8.73,-1.45,-8.73,-4.36,-0.01
20230115114610813, 2023-01-15 11:46:10 ,-26.19,-8.73,1.45,-16.00,-2.91,0.01
20230115114611224, 2023-01-15 11:46:11 ,-8.73,-1.45,1.45,-4.36,-4.36,0.01
20230115114611497, 2023-01-15 11:46:11 ,-23.28,-8.73,-1.45,-7.27,-5.82,0.01
20230115114611773, 2023-01-15 11:46:11 ,-27.64,-8.73,4.36,-16.00,-7.27,0.00
20230115114612041, 2023-01-15 11:46:12 ,-7.27,-2.91,4.36,-5.82,-2.91,-0.01
20230115114612343, 2023-01-15 11:46:12 ,-23.28,-8.73,4.36,-16.00,-2.91,-0.03
20230115114612705, 2023-01-15 11:46:12 ,-29.10,-2.91,-2.91,-16.00,-7.27,-0.01
20230115114613011, 2023-01-15 11:46:12 ,-11.64,-5.82,0.00,-4.36,-1.45,0.00
20230115114613275, 2023-01-15 11:46:13 ,-5.82,-1.45,1.45,-2.91,-2.91,-0.01
20230115114613543, 2023-01-15 11:46:13 ,-26.19,-4.36,-1.45,-16.00,-4.36,-0.02
20230115114613807, 2023-01-15 11:46:13 ,-27.64,-5.82,-2.91,-16.00,-2.91,-0.01
20230115115612748, 2023-01-15 11:56:12 ,136.76,34.92,16.00,37.83,48.01,0.01
20230115115613083, 2023-01-15 11:56:13 ,237.14,59.65,34.92,69.83,72.74,-0.03
20230115115613400, 2023-01-15 11:56:13 ,315.71,87.29,46.56,82.93,98.93,0.00
20230115115613722, 2023-01-15 11:56:13 ,440.82,125.12,66.92,123.66,125.12,0.01
20230115115614043, 2023-01-15 11:56:14 ,474.29,132.39,66.92,141.12,133.85,-0.01
20230115115614358, 2023-01-15 11:56:14 ,458.28,125.12,69.83,133.85,129.48,0.03
20230115115614620, 2023-01-15 11:56:14 ,446.64,123.66,69.83,123.66,129.48,0.01
20230115115614850, 2023-01-15 11:56:14 ,446.64,129.48,65.47,123.66,128.03,0.03
20230115115615074, 2023-01-15 11:56:15 ,497.56,142.58,78.56,132.39,144.03,0.02
20230115115615296, 2023-01-15 11:56:15 ,549.94,152.76,81.47,162.94,152.76,-0.01
20230115115615522, 2023-01-15 11:56:15 ,531.03,145.49,80.02,154.22,151.31,0.01
20230115115615862, 2023-01-15 11:56:15 ,541.21,149.85,82.93,157.13,151.31,0.03
20230115115616088, 2023-01-15 11:56:16 ,520.84,144.03,81.47,141.12,154.22,-0.01
20230115115616316, 2023-01-15 11:56:16 ,539.76,149.85,81.47,160.04,148.40,0.02
20230115115616539, 2023-01-15 11:56:16 ,516.48,154.22,77.11,138.21,146.94,0.01
20230115115616778, 2023-01-15 11:56:16 ,515.02,149.85,80.02,139.67,145.49,0.02
20230115115617006, 2023-01-15 11:56:16 ,484.47,139.67,74.20,135.30,135.30,0.01
20230115115617238, 2023-01-15 11:56:17 ,78.56,20.37,16.00,20.37,21.82,-0.01
20230115115617471, 2023-01-15 11:56:17 ,-16.00,-5.82,1.45,-11.64,0.00,0.03
20230115115617750, 2023-01-15 11:56:17 ,-18.91,0.00,1.45,-16.00,-4.36,0.01
20230115115618156, 2023-01-15 11:56:18 ,-8.73,-1.45,1.45,-7.27,-1.45,-0.03
20230115115618423, 2023-01-15 11:56:18 ,-10.18,-8.73,2.91,1.45,-5.82,0.01
20230115115618804, 2023-01-15 11:56:18 ,-27.64,-4.36,-1.45,-16.00,-5.82,-0.01
20230115115619068, 2023-01-15 11:56:19 ,5.82,-2.91,-1.45,7.27,2.91,-0.01
20230115115619338, 2023-01-15 11:56:19 ,27.64,2.91,2.91,14.55,7.27,0.03
20230115115619607, 2023-01-15 11:56:19 ,43.65,18.91,5.82,0.00,18.91,0.03
20230115115619884, 2023-01-15 11:56:19 ,80.02,18.91,13.09,20.37,27.64,-0.01
20230115115620109, 2023-01-15 11:56:20 ,136.76,36.37,23.28,36.37,40.74,0.03
20230115115620338, 2023-01-15 11:56:20 ,218.23,55.28,34.92,68.38,59.65,0.01
20230115115620567, 2023-01-15 11:56:20 ,301.16,90.20,49.47,77.11,84.38,-0.02
20230115115620798, 2023-01-15 11:56:20 ,397.18,112.02,65.47,110.57,109.11,0.01
20230115115621026, 2023-01-15 11:56:21 ,481.56,142.58,69.83,138.21,130.94,-0.01
20230115115621252, 2023-01-15 11:56:21 ,600.86,167.31,96.02,174.58,162.94,0.02
20230115115621480, 2023-01-15 11:56:21 ,615.41,178.95,96.02,176.04,164.40,-0.01
20230115115621819, 2023-01-15 11:56:21 ,615.41,173.13,98.93,181.86,161.49,0.01
20230115115622041, 2023-01-15 11:56:22 ,611.04,178.95,96.02,178.95,157.13,0.02
20230115115622264, 2023-01-15 11:56:22 ,608.13,180.40,98.93,165.85,162.94,-0.01
20230115115622486, 2023-01-15 11:56:22 ,608.13,174.58,98.93,171.67,162.94,0.00
20230115115622715, 2023-01-15 11:56:22 ,612.50,180.40,93.11,181.86,157.13,-0.01
20230115115622943, 2023-01-15 11:56:22 ,595.04,173.13,94.57,171.67,155.67,-0.01
20230115115623299, 2023-01-15 11:56:23 ,613.95,177.49,96.02,184.77,155.67,0.01
20230115115623525, 2023-01-15 11:56:23 ,609.59,178.95,91.66,183.31,155.67,0.02
20230115115623753, 2023-01-15 11:56:23 ,605.22,170.22,98.93,178.95,157.13,0.03
20230115115623978, 2023-01-15 11:56:23 ,612.50,173.13,93.11,187.68,158.58,-0.01
20230115115624199, 2023-01-15 11:56:24 ,608.13,178.95,93.11,181.86,154.22,-0.02
20230115115624426, 2023-01-15 11:56:24 ,608.13,171.67,97.48,180.40,158.58,0.01
20230115115624830, 2023-01-15 11:56:24 ,590.68,178.95,88.75,164.40,158.58,-0.04
20230115115625169, 2023-01-15 11:56:25 ,592.13,174.58,94.57,168.76,154.22,0.00
20230115115625507, 2023-01-15 11:56:25 ,328.80,88.75,48.01,113.48,78.56,-0.01
20230115115625853, 2023-01-15 11:56:25 ,42.19,11.64,8.73,14.55,7.27,0.01
20230115115626274, 2023-01-15 11:56:26 ,-13.09,1.45,2.91,-16.00,-1.45,-0.01
20230115115626680, 2023-01-15 11:56:26 ,-21.82,-4.36,1.45,-16.00,-2.91,0.00
20230115115627059, 2023-01-15 11:56:27 ,-21.82,-1.45,-1.45,-16.00,-2.91,0.00
20230115115627451, 2023-01-15 11:56:27 ,-27.64,-7.27,0.00,-16.00,-4.36,-0.01
20230115115627988, 2023-01-15 11:56:27 ,-14.55,-4.36,-1.45,-7.27,-1.45,0.02
20230115115628402, 2023-01-15 11:56:28 ,1.45,0.00,4.36,-10.18,7.27,0.00
20230115115628673, 2023-01-15 11:56:28 ,53.83,17.46,8.73,14.55,13.09,-0.01
20230115115628944, 2023-01-15 11:56:28 ,91.66,27.64,14.55,20.37,29.10,-0.01
20230115115629170, 2023-01-15 11:56:29 ,160.04,49.47,26.19,37.83,46.56,-0.02
20230115115629400, 2023-01-15 11:56:29 ,273.51,81.47,40.74,74.20,77.11,0.00
20230115115629632, 2023-01-15 11:56:29 ,410.27,123.66,58.19,120.75,107.66,-0.01
20230115115629859, 2023-01-15 11:56:29 ,487.38,138.21,75.65,142.58,130.94,-0.04
20230115115630081, 2023-01-15 11:56:30 ,577.58,168.76,94.57,162.94,151.31,-0.03
20230115115630313, 2023-01-15 11:56:30 ,593.59,170.22,96.02,171.67,155.67,-0.01
20230115115630584, 2023-01-15 11:56:30 ,593.59,174.58,93.11,177.49,148.40,-0.02
20230115115630882, 2023-01-15 11:56:30 ,571.76,165.85,91.66,162.94,151.31,0.02
20230115115631108, 2023-01-15 11:56:31 ,579.04,168.76,94.57,162.94,152.76,0.05
20230115115631337, 2023-01-15 11:56:31 ,579.04,167.31,90.20,173.13,148.40,-0.01
20230115115631567, 2023-01-15 11:56:31 ,590.68,174.58,97.48,167.31,151.31,0.01
20230115115631799, 2023-01-15 11:56:31 ,584.86,174.58,93.11,165.85,151.31,0.01
20230115115632027, 2023-01-15 11:56:32 ,574.67,168.76,91.66,168.76,145.49,0.01
20230115115632253, 2023-01-15 11:56:32 ,576.13,171.67,93.11,162.94,148.40,-0.01
20230115115632479, 2023-01-15 11:56:32 ,403.00,114.93,66.92,123.66,97.48,-0.02
20230115115632709, 2023-01-15 11:56:32 ,36.37,5.82,11.64,8.73,10.18,-0.01
20230115115633002, 2023-01-15 11:56:32 ,-16.00,1.45,4.36,-16.00,-5.82,-0.01
20230115115633453, 2023-01-15 11:56:33 ,-7.27,-1.45,0.00,0.00,-5.82,-0.01
20230115115633851, 2023-01-15 11:56:33 ,-4.36,-4.36,1.45,0.00,-1.45,0.01
20230115115634119, 2023-01-15 11:56:34 ,-16.00,-1.45,2.91,-13.09,-4.36,0.00
20230115115634387, 2023-01-15 11:56:34 ,0.00,0.00,-1.45,0.00,1.45,-0.01
20230115115634658, 2023-01-15 11:56:34 ,20.37,5.82,2.91,8.73,2.91,-0.03
20230115115634927, 2023-01-15 11:56:34 ,62.56,24.73,8.73,7.27,21.82,-0.01
20230115115635190, 2023-01-15 11:56:35 ,146.94,40.74,20.37,43.65,42.19,0.01
20230115115635420, 2023-01-15 11:56:35 ,254.60,81.47,37.83,65.47,69.83,-0.01
20230115115635652, 2023-01-15 11:56:35 ,385.54,117.84,61.10,109.11,97.48,-0.01
20230115115635875, 2023-01-15 11:56:35 ,513.57,144.03,80.02,151.31,138.21,0.01
20230115115636100, 2023-01-15 11:56:36 ,628.50,177.49,106.21,170.22,174.58,0.03
20230115115636322, 2023-01-15 11:56:36 ,670.69,189.13,107.66,197.86,176.04,0.02
20230115115636563, 2023-01-15 11:56:36 ,680.88,189.13,110.57,205.14,176.04,-0.04
20230115115636882, 2023-01-15 11:56:36 ,685.24,194.95,110.57,203.68,176.04,0.00
20230115115637114, 2023-01-15 11:56:37 ,657.60,187.68,107.66,190.59,171.67,0.01
20230115115637338, 2023-01-15 11:56:37 ,679.42,192.04,106.21,206.59,174.58,-0.01
20230115115637563, 2023-01-15 11:56:37 ,660.51,196.41,106.21,187.68,170.22,0.02
20230115115637794, 2023-01-15 11:56:37 ,661.96,193.50,109.11,184.77,174.58,-0.01
20230115115638017, 2023-01-15 11:56:37 ,645.96,187.68,104.75,186.22,167.31,-0.01
20230115115638239, 2023-01-15 11:56:38 ,660.51,189.13,106.21,193.50,171.67,0.01
20230115115638612, 2023-01-15 11:56:38 ,664.87,186.22,106.21,199.32,173.13,-0.01
20230115115638951, 2023-01-15 11:56:38 ,653.23,184.77,101.84,197.86,168.76,0.01
20230115115639319, 2023-01-15 11:56:39 ,653.23,192.04,103.30,187.68,170.22,-0.01
20230115115639790, 2023-01-15 11:56:39 ,661.96,184.77,106.21,200.77,170.22,-0.01
20230115115640143, 2023-01-15 11:56:40 ,666.33,194.95,107.66,190.59,173.13,0.01
20230115115640468, 2023-01-15 11:56:40 ,664.87,192.04,106.21,200.77,165.85,0.01
20230115115640816, 2023-01-15 11:56:40 ,656.14,190.59,104.75,187.68,173.13,-0.01
20230115115641141, 2023-01-15 11:56:41 ,645.96,184.77,109.11,181.86,170.22,-0.05
20230115115641455, 2023-01-15 11:56:41 ,653.23,187.68,103.30,194.95,167.31,-0.01
20230115115641796, 2023-01-15 11:56:41 ,645.96,183.31,100.39,190.59,171.67,0.01
20230115115642099, 2023-01-15 11:56:42 ,643.05,183.31,106.21,187.68,165.85,-0.02
20230115115642323, 2023-01-15 11:56:42 ,641.60,192.04,100.39,178.95,170.22,0.02
20230115115642637, 2023-01-15 11:56:42 ,641.60,186.22,106.21,181.86,167.31,0.03
20230115115642900, 2023-01-15 11:56:42 ,648.87,183.31,104.75,196.41,164.40,0.00
20230115115643128, 2023-01-15 11:56:43 ,661.96,184.77,109.11,199.32,168.76,-0.02
20230115115643363, 2023-01-15 11:56:43 ,656.14,184.77,104.75,197.86,168.76,-0.01
20230115115643731, 2023-01-15 11:56:43 ,632.87,184.77,104.75,176.04,167.31,-0.03
20230115115643959, 2023-01-15 11:56:43 ,643.05,186.22,104.75,183.31,168.76,-0.01
20230115115644193, 2023-01-15 11:56:44 ,656.14,184.77,110.57,194.95,165.85,-0.01
20230115115644434, 2023-01-15 11:56:44 ,648.87,192.04,107.66,183.31,165.85,-0.03
20230115115644673, 2023-01-15 11:56:44 ,638.69,184.77,106.21,183.31,164.40,-0.01
20230115115644911, 2023-01-15 11:56:44 ,644.51,187.68,103.30,186.22,167.31,0.03
20230115115645136, 2023-01-15 11:56:45 ,640.14,186.22,109.11,174.58,170.22,0.01
20230115115645372, 2023-01-15 11:56:45 ,641.60,187.68,106.21,178.95,168.76,0.01
20230115115645646, 2023-01-15 11:56:45 ,645.96,189.13,103.30,184.77,168.76,-0.01
20230115115645948, 2023-01-15 11:56:45 ,650.32,190.59,101.84,190.59,167.31,0.01
20230115115646177, 2023-01-15 11:56:46 ,637.23,183.31,104.75,184.77,164.40,-0.01
20230115115646410, 2023-01-15 11:56:46 ,587.77,171.67,96.02,170.22,149.85,0.02
20230115115646637, 2023-01-15 11:56:46 ,126.57,37.83,21.82,36.37,30.55,0.00
20230115115646866, 2023-01-15 11:56:46 ,16.00,1.45,4.36,8.73,1.45,0.01
20230115115647134, 2023-01-15 11:56:47 ,-1.45,-2.91,-1.45,4.36,-1.45,-0.02
20230115115647404, 2023-01-15 11:56:47 ,-10.18,1.45,2.91,-7.27,-7.27,0.01
20230115115647673, 2023-01-15 11:56:47 ,-8.73,-4.36,2.91,-5.82,-1.45,0.01
20230115115647940, 2023-01-15 11:56:47 ,1.45,0.00,4.36,-4.36,1.45,0.04
20230115115648211, 2023-01-15 11:56:48 ,20.37,1.45,2.91,11.64,4.36,0.03
20230115115648479, 2023-01-15 11:56:48 ,77.11,24.73,13.09,17.46,21.82,-0.03
20230115115648911, 2023-01-15 11:56:48 ,141.12,39.28,20.37,42.19,39.28,-0.03
20230115115649135, 2023-01-15 11:56:49 ,231.32,75.65,30.55,64.01,61.10,0.01
20230115115649370, 2023-01-15 11:56:49 ,349.17,112.02,50.92,97.48,88.75,-0.01
20230115115649595, 2023-01-15 11:56:49 ,471.38,144.03,75.65,130.94,120.75,-0.05
20230115115649825, 2023-01-15 11:56:49 ,606.68,177.49,104.75,162.94,161.49,0.00
20230115115650055, 2023-01-15 11:56:50 ,747.80,206.59,129.48,210.96,200.77,-0.01
20230115115650280, 2023-01-15 11:56:50 ,782.72,219.68,130.94,228.41,203.68,-0.01
20230115115650508, 2023-01-15 11:56:50 ,775.44,218.23,129.48,229.87,197.86,0.03
20230115115650739, 2023-01-15 11:56:50 ,756.53,210.96,126.57,219.68,199.32,0.01
20230115115650964, 2023-01-15 11:56:50 ,765.26,212.41,128.03,224.05,200.77,0.01
20230115115651190, 2023-01-15 11:56:51 ,766.71,212.41,129.48,226.96,197.86,-0.01
20230115115651417, 2023-01-15 11:56:51 ,757.98,209.50,126.57,226.96,194.95,0.00
20230115115651759, 2023-01-15 11:56:51 ,759.44,212.41,128.03,222.59,196.41,-0.03
20230115115651992, 2023-01-15 11:56:51 ,753.62,210.96,130.94,213.87,197.86,-0.03
20230115115652220, 2023-01-15 11:56:52 ,762.35,218.23,120.75,228.41,194.95,-0.03
20230115115652451, 2023-01-15 11:56:52 ,769.62,216.77,128.03,228.41,196.41,-0.02
20230115115652680, 2023-01-15 11:56:52 ,752.17,216.77,128.03,215.32,192.04,0.01
20230115115652998, 2023-01-15 11:56:52 ,757.98,218.23,128.03,216.77,194.95,0.02
20230115115653332, 2023-01-15 11:56:53 ,741.98,212.41,125.12,212.41,192.04,0.00
20230115115653650, 2023-01-15 11:56:53 ,741.98,215.32,123.66,212.41,190.59,0.00
20230115115654109, 2023-01-15 11:56:54 ,747.80,209.50,126.57,218.23,193.50,0.02
20230115115654434, 2023-01-15 11:56:54 ,760.89,213.87,128.03,225.50,193.50,0.03
20230115115654913, 2023-01-15 11:56:54 ,746.35,215.32,126.57,210.96,193.50,-0.02
20230115115655231, 2023-01-15 11:56:55 ,747.80,215.32,122.21,219.68,190.59,-0.04
20230115115655556, 2023-01-15 11:56:55 ,730.34,209.50,122.21,203.68,194.95,0.01
20230115115655893, 2023-01-15 11:56:55 ,743.44,210.96,130.94,209.50,192.04,0.01
20230115115656128, 2023-01-15 11:56:56 ,691.06,196.41,120.75,197.86,176.04,0.00
20230115115656364, 2023-01-15 11:56:56 ,139.67,37.83,21.82,49.47,30.55,-0.01
20230115115656600, 2023-01-15 11:56:56 ,11.64,1.45,2.91,4.36,2.91,-0.02
20230115115656880, 2023-01-15 11:56:56 ,5.82,1.45,1.45,5.82,-2.91,-0.01
20230115115657168, 2023-01-15 11:56:57 ,-2.91,-4.36,4.36,1.45,-4.36,-0.01
20230115115657457, 2023-01-15 11:56:57 ,-13.09,0.00,2.91,-14.55,-1.45,0.00
20230115115657847, 2023-01-15 11:56:57 ,0.00,2.91,1.45,-1.45,-2.91,0.00
20230115115658119, 2023-01-15 11:56:58 ,-21.82,-7.27,2.91,-11.64,-5.82,0.01
20230115115658388, 2023-01-15 11:56:58 ,-18.91,-7.27,1.45,-13.09,0.00,0.02
20230115115658661, 2023-01-15 11:56:58 ,-24.73,-5.82,1.45,-16.00,-4.36,0.01
20230115115659085, 2023-01-15 11:56:59 ,-1.45,-2.91,2.91,0.00,-1.45,0.01
20230115115659351, 2023-01-15 11:56:59 ,-5.82,-4.36,1.45,1.45,-4.36,-0.01
20230115115659626, 2023-01-15 11:56:59 ,0.00,-1.45,1.45,1.45,-1.45,0.02
20230115115659893, 2023-01-15 11:56:59 ,-2.91,-1.45,-1.45,1.45,-1.45,0.02
20230115115700161, 2023-01-15 11:57:00 ,-26.19,-1.45,-1.45,-16.00,-7.27,-0.03
20230115115700430, 2023-01-15 11:57:00 ,-30.55,-7.27,0.00,-16.00,-7.27,-0.01
20230115115700807, 2023-01-15 11:57:00 ,-26.19,-8.73,4.36,-16.00,-5.82,-0.01
20230115115701073, 2023-01-15 11:57:01 ,-26.19,-10.18,0.00,-16.00,0.00,0.00
20230115115701342, 2023-01-15 11:57:01 ,-26.19,-5.82,-1.45,-16.00,-2.91,-0.02
20230115115701609, 2023-01-15 11:57:01 ,-13.09,0.00,-2.91,-8.73,-1.45,0.03
20230115115701876, 2023-01-15 11:57:01 ,-21.82,0.00,-2.91,-16.00,-2.91,0.01
20230115115702141, 2023-01-15 11:57:02 ,-8.73,0.00,1.45,-4.36,-5.82,0.01
20230115115702406, 2023-01-15 11:57:02 ,-30.55,-10.18,2.91,-16.00,-7.27,0.03
20230115115702673, 2023-01-15 11:57:02 ,-24.73,-7.27,2.91,-16.00,-4.36,0.01
20230115115702940, 2023-01-15 11:57:02 ,-29.10,-8.73,-1.45,-16.00,-2.91,-0.03
20230115115703329, 2023-01-15 11:57:03 ,-26.19,-2.91,-2.91,-16.00,-4.36,0.03
20230115115703629, 2023-01-15 11:57:03 ,-18.91,-2.91,1.45,-16.00,-1.45,0.01
20230115115704130, 2023-01-15 11:57:04 ,-23.28,-7.27,4.36,-16.00,-4.36,-0.02
20230115115704394, 2023-01-15 11:57:04 ,-27.64,-2.91,-1.45,-16.00,-7.27,0.01
20230115115704662, 2023-01-15 11:57:04 ,-29.10,-7.27,0.00,-16.00,-5.82,0.00
20230115115704929, 2023-01-15 11:57:04 ,-27.64,-2.91,-1.45,-16.00,-7.27,0.00
20230115115705197, 2023-01-15 11:57:05 ,-10.18,-5.82,2.91,-5.82,-1.45,-0.01
20230115115705465, 2023-01-15 11:57:05 ,-27.64,-4.36,-2.91,-16.00,-4.36,0.01
20230115115705734, 2023-01-15 11:57:05 ,-17.46,-7.27,-1.45,-7.27,-1.45,-0.01
20230115115706002, 2023-01-15 11:57:05 ,-18.91,-2.91,0.00,-11.64,-4.36,-0.01
20230115115706329, 2023-01-15 11:57:06 ,-4.36,-2.91,-1.45,0.00,0.00,0.00
20230115115706867, 2023-01-15 11:57:06 ,-14.55,-8.73,1.45,-4.36,-2.91,-0.02
20230115115707239, 2023-01-15 11:57:07 ,-20.37,-2.91,1.45,-14.55,-4.36,0.03
20230115115707630, 2023-01-15 11:57:07 ,-7.27,-4.36,-1.45,0.00,-1.45,0.02
20230115115708008, 2023-01-15 11:57:07 ,-8.73,-7.27,2.91,-1.45,-2.91,0.01
20230115115708404, 2023-01-15 11:57:08 ,-16.00,-1.45,2.91,-16.00,-1.45,-0.03
20230115115708784, 2023-01-15 11:57:08 ,-10.18,-2.91,-1.45,1.45,-7.27,0.00
20230115115709328, 2023-01-15 11:57:09 ,-11.64,-7.27,5.82,-7.27,-2.91,0.03
20230115115709735, 2023-01-15 11:57:09 ,-14.55,0.00,-1.45,-13.09,0.00,-0.01
20230115115710009, 2023-01-15 11:57:09 ,-13.09,-8.73,1.45,-5.82,0.00,0.01
20230115115710277, 2023-01-15 11:57:10 ,-23.28,-4.36,0.00,-16.00,-2.91,0.01
20230115115710551, 2023-01-15 11:57:10 ,-8.73,-4.36,4.36,-7.27,-1.45,0.01
20230115115710828, 2023-01-15 11:57:10 ,-4.36,0.00,2.91,-5.82,-1.45,0.00
20230115115711104, 2023-01-15 11:57:11 ,-27.64,-7.27,1.45,-16.00,-5.82,0.01
20230115115711371, 2023-01-15 11:57:11 ,-18.91,-1.45,-2.91,-10.18,-4.36,0.01
20230115115711641, 2023-01-15 11:57:11 ,-23.28,-4.36,1.45,-16.00,-4.36,0.02
20230115115711910, 2023-01-15 11:57:11 ,-13.09,-1.45,-1.45,-5.82,-4.36,0.05
